"ID","Series","Stock Entry Type","Company","Stock Entry (Outward GIT)","Source Stock Entry (Manufacture)","Purpose","Add to Transit","Work Order","Purchase Order","Subcontracting Order","Delivery Note No","Sales Invoice No","Pick List","Purchase Receipt No","Asset Repair","Posting Date","Posting Time","Edit Posting Date and Time","Inspection Required","Apply Putaway Rule","From BOM","Use Multi-Level BOM","BOM No","Finished Good Quantity ","% Process Loss","Process Loss Qty","Default Source Warehouse","Source Warehouse Address Link","Source Warehouse Address","Default Target Warehouse","Target Warehouse Address Link","Target Warehouse Address","Scan Barcode","Total Outgoing Value (Consumption)","Total Incoming Value (Receipt)","Total Value Difference (Incoming - Outgoing)","Total Additional Costs","Supplier","Supplier Name","Supplier Address","Address","Project","Cost Center","Print Heading","Letter Head","Is Opening","Remarks","Per Transferred","Total Amount","Job Card","Amended From","Credit Note","Is Return","ID (Items)","Conversion Factor (Items)","Item Code (Items)","Qty (Items)","Stock UOM (Items)","UOM (Items)","Actual Qty (at source/target) (Items)","Additional Cost (Items)","Against Stock Entry (Items)","Allow Alternative Item (Items)","Allow Zero Valuation Rate (Items)","Amount (Items)","Barcode (Items)","Basic Amount (Items)","Basic Rate (as per Stock UOM) (Items)","Batch No (Items)","BOM No (Items)","Cost Center (Items)","Description (Items)","Difference Account (Items)","Has Item Scanned (Items)","Image (Items)","Is Finished Item (Items)","Is Scrap Item (Items)","Item Group (Items)","Item Name (Items)","Job Card Item (Items)","Material Request (Items)","Material Request Item (Items)","Original Item (Items)","PO Supplied Item (Items)","Project (Items)","Putaway Rule (Items)","Qty as per Stock UOM (Items)","Quality Inspection (Items)","Reference Purchase Receipt (Items)","Retain Sample (Items)","Sample Quantity (Items)","SCO Supplied Item (Items)","Serial and Batch Bundle (Items)","Serial No (Items)","Set Basic Rate Manually (Items)","Source Warehouse (Items)","Stock Entry Child (Items)","Subcontracted Item (Items)","Target Warehouse (Items)","Transferred Qty (Items)","Use Serial No / Batch Fields (Items)","Valuation Rate (Items)","ID (Additional Costs)","Account Currency (Additional Costs)","Amount (Additional Costs)","Amount (Company Currency) (Additional Costs)","Description (Additional Costs)","Exchange Rate (Additional Costs)","Expense Account (Additional Costs)","Has Corrective Cost (Additional Costs)","Has Operating Cost (Additional Costs)","Operation ID (Additional Costs)","Qty (Additional Costs)"
"SE-260725-049","SE-.YY.MM.DD.-.###","Manufacture","Teksons Pvt Ltd","","","Manufacture",0,"WO/260714/0032","","","","","","","","2026-07-25","14:11:08.063265",0,0,0,1,0,"BOM-MS Plate-2-001",4.0,0.0,0.0,"WIP Warehouse - TPL","","","WIP Warehouse - TPL","","","",4.15,4.15,0.0,0.0,"","","","","","","","","No","",0.0,0.0,"","","",0,"8j8kt6qsf6",1.0,"HEX Nut M8*1.25P",4.0,"Nos","Nos",4.0,0.0,"",0,0,4.0,"",4.0,1.0,"","","Main - TPL","HEX Nut M8*1.25P","Stock Adjustment - TPL",0,"",0,0,"To Group","HEX Nut M8*1.25P","","","","","","","",4.0,"","",0,0,"","","",0,"WIP Warehouse - TPL","","","",0.0,0,1.0,"","","","","","","","","","",""
"","","","","","","","","","","","","","","","","","","","","","","","","","","","","","","","","","","","","","","","","","","","","","","","","","","","","","","8j89dmduqq",1.0,"MS – 1.5 MM Thk",0.148,"Kg","Kg",0.148,0.0,"",0,0,0.15,"",0.15,1.0,"","","Main - TPL","MS – 1.5 MM Thk","Stock Adjustment - TPL",0,"",0,0,"To Group","MS – 1.5 MM Thk","","","","","","","",0.148,"","",0,0,"","","",0,"WIP Warehouse - TPL","","","",0.0,0,1.0,"","","","","","","","","","",""
"","","","","","","","","","","","","","","","","","","","","","","","","","","","","","","","","","","","","","","","","","","","","","","","","","","","","","","8j8asklc19",1.0,"R215 Ms Plate-2 (144X22X1.5)",4.0,"Nos","Nos",1.0,0.0,"",0,0,4.15,"",4.15,1.0375,"","BOM-MS Plate-2-001","Main - TPL","R215 Ms Plate-2 (144X22X1.5)","Stock Adjustment - TPL",0,"",1,0,"Child Component","R215 Ms Plate-2 (144X22X1.5)","","","","","","","",4.0,"","",0,0,"","","",0,"","","","WIP Warehouse - TPL",0.0,0,1.0375,"","","","","","","","","","",""
"SE-260725-048","SE-.YY.MM.DD.-.###","Manufacture","Teksons Pvt Ltd","","","Manufacture",0,"WO/260714/0005","","","","","","","","2026-07-25","14:10:58.862003",0,0,0,1,0,"BOM-R215 CAC Core End Plate 5X140X941-001",4.0,0.0,0.0,"WIP Warehouse - TPL","","","WIP Warehouse - TPL","","","",4.0,4.0,0.0,0.0,"","","","","","","","","No","",0.0,0.0,"","","",0,"8gc00se4ed",1.0,"R215 CAC Core End Plate 5X165X941",4.0,"Nos","Nos",9.0,0.0,"",0,0,4.0,"",4.0,1.0,"","","Main - TPL","R215 CAC Core End Plate 5X165X941","Stock Adjustment - TPL",0,"",0,0,"Child Component","R215 CAC Core End Plate 5X165X941","","","","","","","",4.0,"","",0,0,"","","",0,"WIP Warehouse - TPL","","","",0.0,0,1.0,"","","","","","","","","","",""
"","","","","","","","","","","","","","","","","","","","","","","","","","","","","","","","","","","","","","","","","","","","","","","","","","","","","","","8gcci883cg",1.0,"R215 CAC Core End Plate 5X140X941",4.0,"Nos","Nos",1.0,0.0,"",0,0,4.0,"",4.0,1.0,"","BOM-R215 CAC Core End Plate 5X140X941-001","Main - TPL","CAC Core End Plate 5*140*941","Stock Adjustment - TPL",0,"",1,0,"Child Component","R215 CAC Core End Plate 5X140X941","","","","","","","",4.0,"","",0,0,"","","",0,"","","","WIP Warehouse - TPL",0.0,0,1.0,"","","","","","","","","","",""
"SE-260725-047","SE-.YY.MM.DD.-.###","Manufacture","Teksons Pvt Ltd","","","Manufacture",0,"WO/260714/0070","","","","","","","","2026-07-25","14:10:48.924515",0,0,0,1,0,"BOM-Nut Cover for Condenser Mounting 43*30.3*1-001",8.0,0.0,0.0,"WIP Warehouse - TPL","","","WIP Warehouse - TPL","","","",0.08,0.08,0.0,0.0,"","","","","","","","","No","",0.0,0.0,"","","",0,"8d8c43iked",1.0,"MS – 1 MM Thk",0.08,"Kg","Kg",0.08,0.0,"",0,0,0.08,"",0.08,1.0,"","","Main - TPL","MS – 1 MM Thk","Stock Adjustment - TPL",0,"",0,0,"To Group","MS – 1 MM Thk","","","","","","","",0.08,"","",0,0,"","","",0,"WIP Warehouse - TPL","","","",0.0,0,1.0,"","","","","","","","","","",""
"","","","","","","","","","","","","","","","","","","","","","","","","","","","","","","","","","","","","","","","","","","","","","","","","","","","","","","8d8u4dqu2r",1.0,"Nut Cover for Condenser Mounting 43*30.3*1",8.0,"Nos","Nos",2.0,0.0,"",0,0,0.08,"",0.08,0.01,"","BOM-Nut Cover for Condenser Mounting 43*30.3*1-001","Main - TPL","Nut Cover for Condenser Mounting 43*30.3*1","Stock Adjustment - TPL",0,"",1,0,"Child Component","Nut Cover for Condenser Mounting 43*30.3*1","","","","","","","",8.0,"","",0,0,"","","",0,"","","","WIP Warehouse - TPL",0.0,0,0.01,"","","","","","","","","","",""
"SE-260725-046","SE-.YY.MM.DD.-.###","Manufacture","Teksons Pvt Ltd","","","Manufacture",0,"WO/260714/0039","","","","","","","","2026-07-25","14:10:40.905432",0,0,0,1,0,"BOM-R215 OC Core End Plate 5X140X1021-002",4.0,0.0,0.0,"WIP Warehouse - TPL","","","WIP Warehouse - TPL","","","",7.9,7.9,0.0,0.0,"","","","","","","","","No","",0.0,0.0,"","","",0,"8aoav7aimd",1.0,"R215 OC Core End Plate 5X165X1021",4.0,"Nos","Nos",5.0,0.0,"",0,0,7.9,"",7.9,1.975,"","","Main - TPL","R215 OC Core End Plate 5X165X1021","Stock Adjustment - TPL",0,"",0,0,"Child Component","R215 OC Core End Plate 5X165X1021","","","","","","","",4.0,"","",0,0,"","","",0,"WIP Warehouse - TPL","","","",0.0,0,1.975,"","","","","","","","","","",""
"","","","","","","","","","","","","","","","","","","","","","","","","","","","","","","","","","","","","","","","","","","","","","","","","","","","","","","8ao2gbndso",1.0,"R215 OC Core End Plate 5X140X1021",4.0,"Nos","Nos",1.0,0.0,"",0,0,7.9,"",7.9,1.975,"","BOM-R215 OC Core End Plate 5X140X1021-002","Main - TPL","OC Core End Plate 5*140*1021","Stock Adjustment - TPL",0,"",1,0,"Child Component","R215 OC Core End Plate 5X140X1021","","","","","","","",4.0,"","",0,0,"","","",0,"","","","WIP Warehouse - TPL",0.0,0,1.975,"","","","","","","","","","",""
"SE-260725-045","SE-.YY.MM.DD.-.###","Manufacture","Teksons Pvt Ltd","","","Manufacture",0,"WO/260714/0033","","","","","","","","2026-07-25","14:10:31.767911",0,0,0,1,0,"BOM-MS Plate-1-001",4.0,0.0,0.0,"WIP Warehouse - TPL","","","WIP Warehouse - TPL","","","",4.1,4.1,0.0,0.0,"","","","","","","","","No","",0.0,0.0,"","","",0,"87tmk2ppck",1.0,"MS – 1.5MM Thk",0.104,"Kg","Kg",0.104,0.0,"",0,0,0.1,"",0.1,1.0,"","","Main - TPL","MS – 1.5MM Thk","Stock Adjustment - TPL",0,"",0,0,"To Group","MS – 1.5MM Thk","","","","","","","",0.104,"","",0,0,"","","",0,"WIP Warehouse - TPL","","","",0.0,0,1.0,"","","","","","","","","","",""
"","","","","","","","","","","","","","","","","","","","","","","","","","","","","","","","","","","","","","","","","","","","","","","","","","","","","","","87t2uj1vte",1.0,"HEX Nut M8*1.25P",4.0,"Nos","Nos",8.0,0.0,"",0,0,4.0,"",4.0,1.0,"","","Main - TPL","HEX Nut M8*1.25P","Stock Adjustment - TPL",0,"",0,0,"To Group","HEX Nut M8*1.25P","","","","","","","",4.0,"","",0,0,"","","",0,"WIP Warehouse - TPL","","","",0.0,0,1.0,"","","","","","","","","","",""
"","","","","","","","","","","","","","","","","","","","","","","","","","","","","","","","","","","","","","","","","","","","","","","","","","","","","","","87tshq5aa2",1.0,"R215 Ms Plate-1(102X22X1.5)",4.0,"Nos","Nos",1.0,0.0,"",0,0,4.1,"",4.1,1.025,"","BOM-MS Plate-1-001","Main - TPL","R215 Ms Plate-1(102X22X1.5)","Stock Adjustment - TPL",0,"",1,0,"Child Component","R215 Ms Plate-1(102X22X1.5)","","","","","","","",4.0,"","",0,0,"","","",0,"","","","WIP Warehouse - TPL",0.0,0,1.025,"","","","","","","","","","",""
"SE-260725-044","SE-.YY.MM.DD.-.###","Manufacture","Teksons Pvt Ltd","","","Manufacture",0,"WO/260714/0020","","","","","","","","2026-07-25","14:05:41.859753",0,0,0,1,0,"BOM-CAC Bottom Tank Sub Assy-001",4.0,0.0,0.0,"WIP Warehouse - TPL","","","WIP Warehouse - TPL","","","",26.24,26.24,0.0,0.0,"","","","","","","","","No","",0.0,0.0,"","","",0,"5d9cm3ffli",1.0,"R215 CAC Inlet and Outlet Pipe",4.0,"Nos","Nos",9.0,0.0,"",0,0,1.76,"",1.76,0.439375,"","","Main - TPL","CAC Inlet and Outlet Pipe","Stock Adjustment - TPL",0,"",0,0,"To Group","R215 CAC Inlet and Outlet Pipe","","","","","","","",4.0,"","",0,0,"","","",0,"WIP Warehouse - TPL","","","",0.0,0,0.439375,"","","","","","","","","","",""
"","","","","","","","","","","","","","","","","","","","","","","","","","","","","","","","","","","","","","","","","","","","","","","","","","","","","","","5d95tedalr",1.0,"Tank End Plate 101.5*96*5 for Extrusion No 0239C-ALU-2-0001",8.0,"Nos","Nos",14.0,0.0,"",0,0,1.24,"",1.24,0.155,"","","Main - TPL","Tank end plate for extrusion No  0239C-ALU-2-0001","Stock Adjustment - TPL",0,"",0,0,"Child Component","Tank End Plate 101.5*96*5 for Extrusion No 0239C-ALU-2-0001","","","","","","","",8.0,"","",0,0,"","","",0,"WIP Warehouse - TPL","","","",0.0,0,0.155,"","","","","","","","","","",""
"","","","","","","","","","","","","","","","","","","","","","","","","","","","","","","","","","","","","","","","","","","","","","","","","","","","","","","5d9icm2len",1.0,"R215 CAC Bottom Tank",4.0,"Nos","Nos",4.0,0.0,"",0,0,23.24,"",23.24,5.81,"","","Main - TPL","CAC Bottom Tank","Stock Adjustment - TPL",0,"",0,0,"Sub Assembly","R215 CAC Bottom Tank","","","","","","","",4.0,"","",0,0,"","","",0,"WIP Warehouse - TPL","","","",0.0,0,5.81,"","","","","","","","","","",""
"","","","","","","","","","","","","","","","","","","","","","","","","","","","","","","","","","","","","","","","","","","","","","","","","","","","","","","5d968ducc6",1.0,"R215 CAC Bottom Tank Sub Assy",4.0,"Nos","Nos",0.0,0.0,"",0,0,26.24,"",26.24,6.56,"","BOM-CAC Bottom Tank Sub Assy-001","Main - TPL","CAC Bottom Tank Sub Assy","Stock Adjustment - TPL",0,"",1,0,"To Group","R215 CAC Bottom Tank Sub Assy","","","","","","","",4.0,"","",0,0,"","","",0,"","","","WIP Warehouse - TPL",0.0,0,6.56,"","","","","","","","","","",""
"SE-260725-043","SE-.YY.MM.DD.-.###","Manufacture","Teksons Pvt Ltd","","","Manufacture",0,"WO/260714/0048","","","","","","","","2026-07-25","14:05:30.087536",0,0,0,1,0,"BOM-OC Top Tank Sub Assy-001",4.0,0.0,0.0,"WIP Warehouse - TPL","","","WIP Warehouse - TPL","","","",37.52,37.52,0.0,0.0,"","","","","","","","","No","",0.0,0.0,"","","",0,"59kjder41g",1.0,"R215 OC Top Tank",4.0,"Nos","Nos",4.0,0.0,"",0,0,36.44,"",36.44,9.11,"","","Main - TPL","OC Top Tank","Stock Adjustment - TPL",0,"",0,0,"To Group","R215 OC Top Tank","","","","","","","",4.0,"","",0,0,"","","",0,"WIP Warehouse - TPL","","","",0.0,0,9.11,"","","","","","","","","","",""
"","","","","","","","","","","","","","","","","","","","","","","","","","","","","","","","","","","","","","","","","","","","","","","","","","","","","","","59ksmb6mm7",1.0,"Tank End Plate 96*62*8 For Extrusion No 0073C-ALU-2-0008",8.0,"Nos","Nos",8.0,0.0,"",0,0,1.08,"",1.08,0.135625,"","","Main - TPL","Tank End Plate For Extrusion No 0073C-ALU-2-0008","Stock Adjustment - TPL",0,"",0,0,"Child Component","Tank End Plate 96*62*8 For Extrusion No 0073C-ALU-2-0008","","","","","","","",8.0,"","",0,0,"","","",0,"WIP Warehouse - TPL","","","",0.0,0,0.135625,"","","","","","","","","","",""
"","","","","","","","","","","","","","","","","","","","","","","","","","","","","","","","","","","","","","","","","","","","","","","","","","","","","","","59kqhoqpq4",1.0,"R215 OC Top Tank Sub Assy",4.0,"Nos","Nos",1.0,0.0,"",0,0,37.52,"",37.52,9.38,"","BOM-OC Top Tank Sub Assy-001","Main - TPL","OC Top Tank Sub Assy","Stock Adjustment - TPL",0,"",1,0,"To Group","R215 OC Top Tank Sub Assy","","","","","","","",4.0,"","",0,0,"","","",0,"","","","WIP Warehouse - TPL",0.0,0,9.38,"","","","","","","","","","",""
"SE-260725-042","SE-.YY.MM.DD.-.###","Manufacture","Teksons Pvt Ltd","","","Manufacture",0,"WO/260714/0044","","","","","","","","2026-07-25","14:04:49.423554",0,0,0,1,0,"BOM-OC Bottom Tank Sub Assy-001",4.0,0.0,0.0,"WIP Warehouse - TPL","","","WIP Warehouse - TPL","","","",41.52,41.52,0.0,0.0,"","","","","","","","","No","",0.0,0.0,"","","",0,"4stapggai8",1.0,"Tank End Plate 96*62*8 For Extrusion No 0073C-ALU-2-0008",8.0,"Nos","Nos",16.0,0.0,"",0,0,1.08,"",1.08,0.135625,"","","Main - TPL","Tank End Plate For Extrusion No 0073C-ALU-2-0008","Stock Adjustment - TPL",0,"",0,0,"Child Component","Tank End Plate 96*62*8 For Extrusion No 0073C-ALU-2-0008","","","","","","","",8.0,"","",0,0,"","","",0,"WIP Warehouse - TPL","","","",0.0,0,0.135625,"","","","","","","","","","",""
"","","","","","","","","","","","","","","","","","","","","","","","","","","","","","","","","","","","","","","","","","","","","","","","","","","","","","","4stfpka7je",1.0,"0261Oc-Alu-2-004",4.0,"Nos","Nos",103.0,0.0,"",0,0,4.0,"",4.0,1.0,"","","Main - TPL","Aluminium Bush 6063 Hyundai 8","Stock Adjustment - TPL",0,"",0,0,"BOF MC","Aluminium Bush 6063 Hyundai 8","","","","","","","",4.0,"","",0,0,"","","",0,"WIP Warehouse - TPL","","","",0.0,0,1.0,"","","","","","","","","","",""
"","","","","","","","","","","","","","","","","","","","","","","","","","","","","","","","","","","","","","","","","","","","","","","","","","","","","","","4stem5mrj9",1.0,"R215 OC Bottom Tank",4.0,"Nos","Nos",4.0,0.0,"",0,0,36.44,"",36.44,9.11,"","","Main - TPL","OC Bottom ","Stock Adjustment - TPL",0,"",0,0,"Sub Assembly","R215 OC Bottom Tank","","","","","","","",4.0,"","",0,0,"","","",0,"WIP Warehouse - TPL","","","",0.0,0,9.11,"","","","","","","","","","",""
"","","","","","","","","","","","","","","","","","","","","","","","","","","","","","","","","","","","","","","","","","","","","","","","","","","","","","","4stqsihggv",1.0,"R215 OC Bottom Tank Sub Assy",4.0,"Nos","Nos",1.0,0.0,"",0,0,41.52,"",41.52,10.38,"","BOM-OC Bottom Tank Sub Assy-001","Main - TPL","OC Bottom Tank Sub Assy","Stock Adjustment - TPL",0,"",1,0,"To Group","R215 OC Bottom Tank Sub Assy","","","","","","","",4.0,"","",0,0,"","","",0,"","","","WIP Warehouse - TPL",0.0,0,10.38,"","","","","","","","","","",""
"SE-260725-041","SE-.YY.MM.DD.-.###","Manufacture","Teksons Pvt Ltd","","","Manufacture",0,"WO/260714/0045","","","","","","","","2026-07-25","14:04:22.421519",0,0,0,1,0,"BOM-R215 OC Bottom Tank-002",4.0,0.0,0.0,"WIP Warehouse - TPL","","","WIP Warehouse - TPL","","","",36.44,36.44,0.0,0.0,"","","","","","","","","No","",0.0,0.0,"","","",0,"4kfej6nu6j",1.0,"Helicoil Insert M10 X 1.5 X 15 Mm",24.0,"Nos","Nos",24.0,0.0,"",0,0,24.0,"",24.0,1.0,"","","Main - TPL","Helicoil Insert M10 X 1.5 X 15 Mm","Stock Adjustment - TPL",0,"",0,0,"BOF MC","Helicoil Insert M10 X 1.5 X 15 Mm","","","","","","","",24.0,"","",0,0,"","","",0,"WIP Warehouse - TPL","","","",0.0,0,1.0,"","","","","","","","","","",""
"","","","","","","","","","","","","","","","","","","","","","","","","","","","","","","","","","","","","","","","","","","","","","","","","","","","","","","4kf8loegfh",1.0,"R215 OC Top & Bottom Tank 70x113x7.5x377LG",4.0,"Nos","Nos",6.0,0.0,"",0,0,12.44,"",12.44,3.11,"","","Main - TPL","OC Top &amp; Bottom Tank","Stock Adjustment - TPL",0,"",0,0,"To Group","R215 OC Top & Bottom Tank 70x113x7.5x377LG","","","","","","","",4.0,"","",0,0,"","","",0,"WIP Warehouse - TPL","","","",0.0,0,3.11,"","","","","","","","","","",""
"","","","","","","","","","","","","","","","","","","","","","","","","","","","","","","","","","","","","","","","","","","","","","","","","","","","","","","4kfn2fsa28",1.0,"R215 OC Bottom Tank",4.0,"Nos","Nos",0.0,0.0,"",0,0,36.44,"",36.44,9.11,"","BOM-R215 OC Bottom Tank-002","Main - TPL","OC Bottom ","Stock Adjustment - TPL",0,"",1,0,"Sub Assembly","R215 OC Bottom Tank","","","","","","","",4.0,"","",0,0,"","","",0,"","","","WIP Warehouse - TPL",0.0,0,9.11,"","","","","","","","","","",""
"SE-260725-040","SE-.YY.MM.DD.-.###","Manufacture","Teksons Pvt Ltd","","","Manufacture",0,"WO/260714/0017","","","","","","","","2026-07-25","14:04:13.374484",0,0,0,1,0,"BOM-CAC Inlet and Outlet Pipe-001",8.0,0.0,0.0,"WIP Warehouse - TPL","","","WIP Warehouse - TPL","","","",2.02,2.02,0.0,0.0,"","","","","","","","","No","",0.0,0.0,"","","",0,"4hl7j1h1a1",1.0,"Aluminium Pipe ⌀ 76.0*3MM Thk",2.024,"Kg","Kg",2.024,0.0,"",0,0,2.02,"",2.02,1.0,"","","Main - TPL","Aluminium Pipe ⌀ 76.0*3MM Thk","Stock Adjustment - TPL",0,"",0,0,"To Group","Aluminium Pipe ⌀ 76.0*3MM Thk","","","","","","","",2.024,"","",0,0,"","","",0,"WIP Warehouse - TPL","","","",0.0,0,1.0,"","","","","","","","","","",""
"","","","","","","","","","","","","","","","","","","","","","","","","","","","","","","","","","","","","","","","","","","","","","","","","","","","","","","4hl75rda0p",1.0,"R215 CAC Inlet and Outlet Pipe",8.0,"Nos","Nos",1.0,0.0,"",0,0,2.02,"",2.02,0.2525,"","BOM-CAC Inlet and Outlet Pipe-001","Main - TPL","CAC Inlet and Outlet Pipe","Stock Adjustment - TPL",0,"",1,0,"To Group","R215 CAC Inlet and Outlet Pipe","","","","","","","",8.0,"","",0,0,"","","",0,"","","","WIP Warehouse - TPL",0.0,0,0.2525,"","","","","","","","","","",""
"SE-260725-039","SE-.YY.MM.DD.-.###","Manufacture","Teksons Pvt Ltd","","","Manufacture",0,"WO/260714/0061","","","","","","","","2026-07-25","14:03:11.424061",0,0,0,1,0,"BOM-RAD Inlet and Outlet Pipe-001",8.0,0.0,0.0,"WIP Warehouse - TPL","","","WIP Warehouse - TPL","","","",1.44,1.44,0.0,0.0,"","","","","","","","","No","",0.0,0.0,"","","",0,"3u9g7klcvf",1.0,"Aluminium Pipe 48.6*5MM Thk",1.44,"Kg","Kg",1.44,0.0,"",0,0,1.44,"",1.44,1.0,"","","Main - TPL","Aluminium Pipe 48.6*5MM Thk","Stock Adjustment - TPL",0,"",0,0,"To Group","Aluminium Pipe 48.6*5MM Thk","","","","","","","",1.44,"","",0,0,"","","",0,"WIP Warehouse - TPL","","","",0.0,0,1.0,"","","","","","","","","","",""
"","","","","","","","","","","","","","","","","","","","","","","","","","","","","","","","","","","","","","","","","","","","","","","","","","","","","","","3u9ip5ngc3",1.0,"R215 RAD Inlet and Outlet Pipe",8.0,"Nos","Nos",2.0,0.0,"",0,0,1.44,"",1.44,0.18,"","BOM-RAD Inlet and Outlet Pipe-001","Main - TPL","RAD Inlet and Outlet Pipe","Stock Adjustment - TPL",0,"",1,0,"To Group","R215 RAD Inlet and Outlet Pipe","","","","","","","",8.0,"","",0,0,"","","",0,"","","","WIP Warehouse - TPL",0.0,0,0.18,"","","","","","","","","","",""
"SE-260725-038","SE-.YY.MM.DD.-.###","Manufacture","Teksons Pvt Ltd","","","Manufacture",0,"WO/260714/0049","","","","","","","","2026-07-25","14:02:59.469769",0,0,0,1,0,"BOM-R215 OC Top Tank-002",4.0,0.0,0.0,"WIP Warehouse - TPL","","","WIP Warehouse - TPL","","","",36.44,36.44,0.0,0.0,"","","","","","","","","No","",0.0,0.0,"","","",0,"3qijcc5ti3",1.0,"R215 OC Top & Bottom Tank 70x113x7.5x377LG",4.0,"Nos","Nos",10.0,0.0,"",0,0,12.44,"",12.44,3.11,"","","Main - TPL","OC Top &amp; Bottom Tank","Stock Adjustment - TPL",0,"",0,0,"To Group","R215 OC Top & Bottom Tank 70x113x7.5x377LG","","","","","","","",4.0,"","",0,0,"","","",0,"WIP Warehouse - TPL","","","",0.0,0,3.11,"","","","","","","","","","",""
"","","","","","","","","","","","","","","","","","","","","","","","","","","","","","","","","","","","","","","","","","","","","","","","","","","","","","","3qib4aodsc",1.0,"Helicoil Insert M10 X 1.5 X 15 Mm",24.0,"Nos","Nos",48.0,0.0,"",0,0,24.0,"",24.0,1.0,"","","Main - TPL","Helicoil Insert M10 X 1.5 X 15 Mm","Stock Adjustment - TPL",0,"",0,0,"BOF MC","Helicoil Insert M10 X 1.5 X 15 Mm","","","","","","","",24.0,"","",0,0,"","","",0,"WIP Warehouse - TPL","","","",0.0,0,1.0,"","","","","","","","","","",""
"","","","","","","","","","","","","","","","","","","","","","","","","","","","","","","","","","","","","","","","","","","","","","","","","","","","","","","3qindvhui4",1.0,"R215 OC Top Tank",4.0,"Nos","Nos",0.0,0.0,"",0,0,36.44,"",36.44,9.11,"","BOM-R215 OC Top Tank-002","Main - TPL","OC Top Tank","Stock Adjustment - TPL",0,"",1,0,"To Group","R215 OC Top Tank","","","","","","","",4.0,"","",0,0,"","","",0,"","","","WIP Warehouse - TPL",0.0,0,9.11,"","","","","","","","","","",""
"SE-260725-037","SE-.YY.MM.DD.-.###","Manufacture","Teksons Pvt Ltd","","","Manufacture",0,"WO/260714/0065","","","","","","","","2026-07-25","14:02:44.191077",0,0,0,1,0,"BOM-Radiator Drain Pipe-001",4.0,0.0,0.0,"WIP Warehouse - TPL","","","WIP Warehouse - TPL","","","",0.01,0.01,0.0,0.0,"","","","","","","","","No","",0.0,0.0,"","","",0,"3lpqi9knep",1.0,"Aluminium Pipe OD⌀10*ID⌀6*17L",0.009,"Kg","Kg",0.009,0.0,"",0,0,0.01,"",0.01,1.0,"","","Main - TPL","Aluminium Pipe OD⌀10*ID⌀6*17L","Stock Adjustment - TPL",0,"",0,0,"To Group","Aluminium Pipe OD⌀10*ID⌀6*17L","","","","","","","",0.009,"","",0,0,"","","",0,"WIP Warehouse - TPL","","","",0.0,0,1.0,"","","","","","","","","","",""
"","","","","","","","","","","","","","","","","","","","","","","","","","","","","","","","","","","","","","","","","","","","","","","","","","","","","","","3lper0qrk5",1.0,"R215 Radiator Drain Pipe Od∅10 X 17 Lgx 3",4.0,"Nos","Nos",1.0,0.0,"",0,0,0.01,"",0.01,0.0025,"","BOM-Radiator Drain Pipe-001","Main - TPL","R215 Radiator Drain Pipe Od∅10 X 17 Lgx 3","Stock Adjustment - TPL",0,"",1,0,"Child Component","R215 Radiator Drain Pipe Od∅10 X 17 Lgx 3","","","","","","","",4.0,"","",0,0,"","","",0,"","","","WIP Warehouse - TPL",0.0,0,0.0025,"","","","","","","","","","",""
"SE-260725-036","SE-.YY.MM.DD.-.###","Manufacture","Teksons Pvt Ltd","","","Manufacture",0,"WO/260714/0059","","","","","","","","2026-07-25","14:02:22.083670",0,0,0,1,0,"BOM-Rad Bottom Tank-002",4.0,0.0,0.0,"WIP Warehouse - TPL","","","WIP Warehouse - TPL","","","",25.8,25.8,0.0,0.0,"","","","","","","","","No","",0.0,0.0,"","","",0,"3esmgdmhbi",1.0,"R215 RAD Top and Bottom Tank",4.0,"Nos","Nos",6.0,0.0,"",0,0,9.8,"",9.8,2.45,"","","Main - TPL","RAD Top &amp; Bottom Tank","Stock Adjustment - TPL",0,"",0,0,"To Group","R215 RAD Top and Bottom Tank","","","","","","","",4.0,"","",0,0,"","","",0,"WIP Warehouse - TPL","","","",0.0,0,2.45,"","","","","","","","","","",""
"","","","","","","","","","","","","","","","","","","","","","","","","","","","","","","","","","","","","","","","","","","","","","","","","","","","","","","3eskr6af7m",1.0,"Helicoil Insert M10 X 1.5 X 15 Mm",16.0,"Nos","Nos",64.0,0.0,"",0,0,16.0,"",16.0,1.0,"","","Main - TPL","Helicoil Insert M10 X 1.5 X 15 Mm","Stock Adjustment - TPL",0,"",0,0,"BOF MC","Helicoil Insert M10 X 1.5 X 15 Mm","","","","","","","",16.0,"","",0,0,"","","",0,"WIP Warehouse - TPL","","","",0.0,0,1.0,"","","","","","","","","","",""
"","","","","","","","","","","","","","","","","","","","","","","","","","","","","","","","","","","","","","","","","","","","","","","","","","","","","","","3esndngch1",1.0,"R215 RAD Bottom Tank",4.0,"Nos","Nos",1.0,0.0,"",0,0,25.8,"",25.8,6.45,"","BOM-Rad Bottom Tank-002","Main - TPL","<div><p>R215 RAD Bottom Tank</p></div>","Stock Adjustment - TPL",0,"",1,0,"Sub Assembly","R215 RAD Bottom Tank","","","","","","","",4.0,"","",0,0,"","","",0,"","","","WIP Warehouse - TPL",0.0,0,6.45,"","","","","","","","","","",""
"SE-260725-035","SE-.YY.MM.DD.-.###","Manufacture","Teksons Pvt Ltd","","","Manufacture",0,"WO/260714/0014","","","","","","","","2026-07-25","14:00:48.042435",0,0,0,1,0,"BOM-CAC Top Tank Sub Assy-001",4.0,0.0,0.0,"WIP Warehouse - TPL","","","WIP Warehouse - TPL","","","",25.15,25.15,0.0,0.0,"","","","","","","","","No","",0.0,0.0,"","","",0,"2hf3ql5gqs",1.0,"R215 CAC Top Tank",4.0,"Nos","Nos",5.0,0.0,"",0,0,21.43,"",21.43,5.3575,"","","Main - TPL","CAC Top Tank","Stock Adjustment - TPL",0,"",0,0,"Sub Assembly","R215 CAC Top Tank","","","","","","","",4.0,"","",0,0,"","","",0,"WIP Warehouse - TPL","","","",0.0,0,5.3575,"","","","","","","","","","",""
"","","","","","","","","","","","","","","","","","","","","","","","","","","","","","","","","","","","","","","","","","","","","","","","","","","","","","","2hfnhtdehi",1.0,"Tank End Plate 101.5*96*5 for Extrusion No 0239C-ALU-2-0001",8.0,"Nos","Nos",22.0,0.0,"",0,0,1.21,"",1.21,0.151666667,"","","Main - TPL","Tank end plate for extrusion No  0239C-ALU-2-0001","Stock Adjustment - TPL",0,"",0,0,"Child Component","Tank End Plate 101.5*96*5 for Extrusion No 0239C-ALU-2-0001","","","","","","","",8.0,"","",0,0,"","","",0,"WIP Warehouse - TPL","","","",0.0,0,0.151666667,"","","","","","","","","","",""
"","","","","","","","","","","","","","","","","","","","","","","","","","","","","","","","","","","","","","","","","","","","","","","","","","","","","","","2hfppj9g9f",1.0,"R215 CAC Inlet and Outlet Pipe",4.0,"Nos","Nos",5.0,0.0,"",0,0,2.51,"",2.51,0.6275,"","","Main - TPL","CAC Inlet and Outlet Pipe","Stock Adjustment - TPL",0,"",0,0,"To Group","R215 CAC Inlet and Outlet Pipe","","","","","","","",4.0,"","",0,0,"","","",0,"WIP Warehouse - TPL","","","",0.0,0,0.6275,"","","","","","","","","","",""
"","","","","","","","","","","","","","","","","","","","","","","","","","","","","","","","","","","","","","","","","","","","","","","","","","","","","","","2hf41k1cik",1.0,"R215 CAC Top Tank Sub Assy",4.0,"Nos","Nos",5.0,0.0,"",0,0,25.15,"",25.15,6.2875,"","BOM-CAC Top Tank Sub Assy-001","Main - TPL","CAC Top Tank Sub Assy","Stock Adjustment - TPL",0,"",1,0,"To Group","R215 CAC Top Tank Sub Assy","","","","","","","",4.0,"","",0,0,"","","",0,"","","","WIP Warehouse - TPL",0.0,0,6.2875,"","","","","","","","","","",""
"SE-260725-034","SE-.YY.MM.DD.-.###","Manufacture","Teksons Pvt Ltd","","","Manufacture",0,"WO/260714/0021","","","","","","","","2026-07-25","13:59:01.667708",0,0,0,1,0,"BOM-R215 CAC Bottom Tank-001",4.0,0.0,0.0,"WIP Warehouse - TPL","","","WIP Warehouse - TPL","","","",23.24,23.24,0.0,0.0,"","","","","","","","","No","",0.0,0.0,"","","",0,"1g81vk3oph",1.0,"Helicoil Insert M10 X 1.5 X 15 Mm",16.0,"Nos","Nos",80.0,0.0,"",0,0,16.0,"",16.0,1.0,"","","Main - TPL","Helicoil Insert M10 X 1.5 X 15 Mm","Stock Adjustment - TPL",0,"",0,0,"BOF MC","Helicoil Insert M10 X 1.5 X 15 Mm","","","","","","","",16.0,"","",0,0,"","","",0,"WIP Warehouse - TPL","","","",0.0,0,1.0,"","","","","","","","","","",""
"","","","","","","","","","","","","","","","","","","","","","","","","","","","","","","","","","","","","","","","","","","","","","","","","","","","","","","1g8soodnt2",1.0,"R215 CAC Top and Bottom Tank 110x113x7.5x186LG",4.0,"Nos","Nos",6.0,0.0,"",0,0,7.24,"",7.24,1.81,"","","Main - TPL","CAC Top and Bottom Tank","Stock Adjustment - TPL",0,"",0,0,"To Group","R215 CAC Top and Bottom Tank 110x113x7.5x186LG","","","","","","","",4.0,"","",0,0,"","","",0,"WIP Warehouse - TPL","","","",0.0,0,1.81,"","","","","","","","","","",""
"","","","","","","","","","","","","","","","","","","","","","","","","","","","","","","","","","","","","","","","","","","","","","","","","","","","","","","1g81hu3ui4",1.0,"R215 CAC Bottom Tank",4.0,"Nos","Nos",0.0,0.0,"",0,0,23.24,"",23.24,5.81,"","BOM-R215 CAC Bottom Tank-001","Main - TPL","CAC Bottom Tank","Stock Adjustment - TPL",0,"",1,0,"Sub Assembly","R215 CAC Bottom Tank","","","","","","","",4.0,"","",0,0,"","","",0,"","","","WIP Warehouse - TPL",0.0,0,5.81,"","","","","","","","","","",""
"SE-260725-033","SE-.YY.MM.DD.-.###","Manufacture","Teksons Pvt Ltd","","","Manufacture",0,"WO/260714/0018","","","","","","","","2026-07-25","13:58:48.316250",0,0,0,1,0,"BOM-R215 CAC Top Tank-001",4.0,0.0,0.0,"WIP Warehouse - TPL","","","WIP Warehouse - TPL","","","",23.24,23.24,0.0,0.0,"","","","","","","","","No","",0.0,0.0,"","","",0,"1c2fg5tp9f",1.0,"R215 CAC Top and Bottom Tank 110x113x7.5x186LG",4.0,"Nos","Nos",10.0,0.0,"",0,0,7.24,"",7.24,1.81,"","","Main - TPL","CAC Top and Bottom Tank","Stock Adjustment - TPL",0,"",0,0,"To Group","R215 CAC Top and Bottom Tank 110x113x7.5x186LG","","","","","","","",4.0,"","",0,0,"","","",0,"WIP Warehouse - TPL","","","",0.0,0,1.81,"","","","","","","","","","",""
"","","","","","","","","","","","","","","","","","","","","","","","","","","","","","","","","","","","","","","","","","","","","","","","","","","","","","","1c2shct2sc",1.0,"Helicoil Insert M10 X 1.5 X 15 Mm",16.0,"Nos","Nos",96.0,0.0,"",0,0,16.0,"",16.0,1.0,"","","Main - TPL","Helicoil Insert M10 X 1.5 X 15 Mm","Stock Adjustment - TPL",0,"",0,0,"BOF MC","Helicoil Insert M10 X 1.5 X 15 Mm","","","","","","","",16.0,"","",0,0,"","","",0,"WIP Warehouse - TPL","","","",0.0,0,1.0,"","","","","","","","","","",""
"","","","","","","","","","","","","","","","","","","","","","","","","","","","","","","","","","","","","","","","","","","","","","","","","","","","","","","1c2ah8qk82",1.0,"R215 CAC Top Tank",4.0,"Nos","Nos",1.0,0.0,"",0,0,23.24,"",23.24,5.81,"","BOM-R215 CAC Top Tank-001","Main - TPL","CAC Top Tank","Stock Adjustment - TPL",0,"",1,0,"Sub Assembly","R215 CAC Top Tank","","","","","","","",4.0,"","",0,0,"","","",0,"","","","WIP Warehouse - TPL",0.0,0,5.81,"","","","","","","","","","",""
"SE-260725-032","SE-.YY.MM.DD.-.###","Manufacture","Teksons Pvt Ltd","","","Manufacture",0,"WO/260714/0022","","","","","","","","2026-07-25","13:58:38.078162",0,0,0,1,0,"BOM-Stay Block-001",8.0,0.0,0.0,"WIP Warehouse - TPL","","","WIP Warehouse - TPL","","","",12.1,12.1,0.0,0.0,"","","","","","","","","No","",0.0,0.0,"","","",0,"18sqj146aj",1.0,"Helicoil Insert M 12 X 1.75 X 18Mm",8.0,"Nos","Nos",8.0,0.0,"",0,0,8.0,"",8.0,1.0,"","","Main - TPL","Helicoil Insert M 12 X 1.75 X 18Mm","Stock Adjustment - TPL",0,"",0,0,"BOF MC","Helicoil Insert M 12 X 1.75 X 18Mm","","","","","","","",8.0,"","",0,0,"","","",0,"WIP Warehouse - TPL","","","",0.0,0,1.0,"","","","","","","","","","",""
"","","","","","","","","","","","","","","","","","","","","","","","","","","","","","","","","","","","","","","","","","","","","","","","","","","","","","","18s4gbpl9c",1.0,"Aluminium Extrusion No 0.0318C-ALU-2-0034 (50*25*150)",4.096,"Kg","Kg",4.096,0.0,"",0,0,4.1,"",4.1,1.0,"","","Main - TPL","Aluminium Extrusion No 0.0318C-ALU-2-0034 (50*25*150)","Stock Adjustment - TPL",0,"",0,0,"To Group","Aluminium Extrusion No 0.0318C-ALU-2-0034 (50*25*150)","","","","","","","",4.096,"","",0,0,"","","",0,"WIP Warehouse - TPL","","","",0.0,0,1.0,"","","","","","","","","","",""
"","","","","","","","","","","","","","","","","","","","","","","","","","","","","","","","","","","","","","","","","","","","","","","","","","","","","","","18s4u8nha5",1.0,"Stay Block 50X25X150",8.0,"Nos","Nos",6.0,0.0,"",0,0,12.1,"",12.1,1.5125,"","BOM-Stay Block-001","Main - TPL","Stay Block 50X25X150","Stock Adjustment - TPL",0,"",1,0,"Child Component","Stay Block 50X25X150","","","","","","","",8.0,"","",0,0,"","","",0,"","","","WIP Warehouse - TPL",0.0,0,1.5125,"","","","","","","","","","",""
"SE-260725-031","SE-.YY.MM.DD.-.###","Manufacture","Teksons Pvt Ltd","","","Manufacture",0,"WO/260714/0050","","","","","","","","2026-07-25","13:58:24.290069",0,0,0,1,0,"BOM-OC Inlet & Outlet Block 101X66X30-001",8.0,0.0,0.0,"WIP Warehouse - TPL","","","WIP Warehouse - TPL","","","",35.9,35.9,0.0,0.0,"","","","","","","","","No","",0.0,0.0,"","","",0,"14iib6q5kr",1.0,"Aluminium Extrusion No 398C-ALU-2-0027 ( 101*66*33 )",3.896,"Kg","Kg",3.896,0.0,"",0,0,3.9,"",3.9,1.0,"","","Main - TPL","Aluminium Extrusion No 398C-ALU-2-0027 ( 101*66*33 )","Stock Adjustment - TPL",0,"",0,0,"To Group","Aluminium Extrusion No 398C-ALU-2-0027 ( 101*66*33 )","","","","","","","",3.896,"","",0,0,"","","",0,"WIP Warehouse - TPL","","","",0.0,0,1.0,"","","","","","","","","","",""
"","","","","","","","","","","","","","","","","","","","","","","","","","","","","","","","","","","","","","","","","","","","","","","","","","","","","","","14i674rr7b",1.0,"Helicoil Insert M10 X 1.5 X 15 Mm",32.0,"Nos","Nos",128.0,0.0,"",0,0,32.0,"",32.0,1.0,"","","Main - TPL","Helicoil Insert M10 X 1.5 X 15 Mm","Stock Adjustment - TPL",0,"",0,0,"BOF MC","Helicoil Insert M10 X 1.5 X 15 Mm","","","","","","","",32.0,"","",0,0,"","","",0,"WIP Warehouse - TPL","","","",0.0,0,1.0,"","","","","","","","","","",""
"","","","","","","","","","","","","","","","","","","","","","","","","","","","","","","","","","","","","","","","","","","","","","","","","","","","","","","14i9b681jf",1.0,"OC Inlet & Outlet Block 101X66X30",8.0,"Nos","Nos",2.0,0.0,"",0,0,35.9,"",35.9,4.4875,"","BOM-OC Inlet & Outlet Block 101X66X30-001","Main - TPL","R215 O.C. Inlet &amp; Outlet Block 101X66X33","Stock Adjustment - TPL",0,"",1,0,"Child Component","OC Inlet & Outlet Block 101X66X30","","","","","","","",8.0,"","",0,0,"","","",0,"","","","WIP Warehouse - TPL",0.0,0,4.4875,"","","","","","","","","","",""
"SE-260725-030","SE-.YY.MM.DD.-.###","Manufacture","Teksons Pvt Ltd","","","Manufacture",0,"WO/260714/0064","","","","","","","","2026-07-25","13:58:12.374775",0,0,0,1,0,"BOM-RAD Top Tank-001",4.0,0.0,0.0,"WIP Warehouse - TPL","","","WIP Warehouse - TPL","","","",25.8,25.8,0.0,0.0,"","","","","","","","","No","",0.0,0.0,"","","",0,"10rfrm52co",1.0,"R215 RAD Top and Bottom Tank",4.0,"Nos","Nos",10.0,0.0,"",0,0,9.8,"",9.8,2.45,"","","Main - TPL","RAD Top &amp; Bottom Tank","Stock Adjustment - TPL",0,"",0,0,"To Group","R215 RAD Top and Bottom Tank","","","","","","","",4.0,"","",0,0,"","","",0,"WIP Warehouse - TPL","","","",0.0,0,2.45,"","","","","","","","","","",""
"","","","","","","","","","","","","","","","","","","","","","","","","","","","","","","","","","","","","","","","","","","","","","","","","","","","","","","10rtm8n2k9",1.0,"Helicoil Insert M10 X 1.5 X 15 Mm",16.0,"Nos","Nos",144.0,0.0,"",0,0,16.0,"",16.0,1.0,"","","Main - TPL","Helicoil Insert M10 X 1.5 X 15 Mm","Stock Adjustment - TPL",0,"",0,0,"BOF MC","Helicoil Insert M10 X 1.5 X 15 Mm","","","","","","","",16.0,"","",0,0,"","","",0,"WIP Warehouse - TPL","","","",0.0,0,1.0,"","","","","","","","","","",""
"","","","","","","","","","","","","","","","","","","","","","","","","","","","","","","","","","","","","","","","","","","","","","","","","","","","","","","10rn2o9f4m",1.0,"R215 RAD Top Tank",4.0,"Nos","Nos",1.0,0.0,"",0,0,25.8,"",25.8,6.45,"","BOM-RAD Top Tank-001","Main - TPL","<div><p>R215 RAD Top Tank</p></div>","Stock Adjustment - TPL",0,"",1,0,"Sub Assembly","R215 RAD Top Tank","","","","","","","",4.0,"","",0,0,"","","",0,"","","","WIP Warehouse - TPL",0.0,0,6.45,"","","","","","","","","","",""
"SE-260725-029","SE-.YY.MM.DD.-.###","Manufacture","Teksons Pvt Ltd","","","Manufacture",0,"WO/260714/0023","","","","","","","","2026-07-25","13:57:39.469576",0,0,0,1,0,"BOM-Condenser Mounting Block-001",16.0,0.0,0.0,"WIP Warehouse - TPL","","","WIP Warehouse - TPL","","","",22.29,22.29,0.0,0.0,"","","","","","","","","No","",0.0,0.0,"","","",0,"0mi0v0i2at",1.0,"Aluminium Extrusion No 0.0318C-ALU-2-0033 (31*19*25)",6.288,"Kg","Kg",6.288,0.0,"",0,0,6.29,"",6.29,1.0,"","","Main - TPL","Aluminium Extrusion No 0.0318C-ALU-2-0033 (31*19*25)","Stock Adjustment - TPL",0,"",0,0,"To Group","Aluminium Extrusion No 0.0318C-ALU-2-0033 (31*19*25)","","","","","","","",6.288,"","",0,0,"","","",0,"WIP Warehouse - TPL","","","",0.0,0,1.0,"","","","","","","","","","",""
"","","","","","","","","","","","","","","","","","","","","","","","","","","","","","","","","","","","","","","","","","","","","","","","","","","","","","","0mih44sc10",1.0,"Helicoil Insert M8 X 1.25 X 16Mm (2 D)",16.0,"Nos","Nos",16.0,0.0,"",0,0,16.0,"",16.0,1.0,"","","Main - TPL","Helicoil Insert M8 X 1.25 X 16Mm (2 D)","Stock Adjustment - TPL",0,"",0,0,"BOF MC","Helicoil Insert M8 X 1.25 X 16Mm (2 D)","","","","","","","",16.0,"","",0,0,"","","",0,"WIP Warehouse - TPL","","","",0.0,0,1.0,"","","","","","","","","","",""
"","","","","","","","","","","","","","","","","","","","","","","","","","","","","","","","","","","","","","","","","","","","","","","","","","","","","","","0mib96dqc5",1.0,"Condenser Mounting Block 31X19X25",16.0,"Nos","Nos",2.0,0.0,"",0,0,22.29,"",22.29,1.393125,"","BOM-Condenser Mounting Block-001","Main - TPL","Condenser Mtg. Block 31X19X25","Stock Adjustment - TPL",0,"",1,0,"Child Component","Condenser Mounting Block 31X19X25","","","","","","","",16.0,"","",0,0,"","","",0,"","","","WIP Warehouse - TPL",0.0,0,1.393125,"","","","","","","","","","",""
"SE-260725-028","SE-.YY.MM.DD.-.###","Manufacture","Teksons Pvt Ltd","","","Manufacture",0,"WO/260714/0067","","","","","","","","2026-07-25","13:56:04.637706",0,0,0,1,0,"BOM-R215 Top Flyscreen Assembly-001",4.0,0.0,0.0,"WIP Warehouse - TPL","","","WIP Warehouse - TPL","","","",18.44,18.44,0.0,0.0,"","","","","","","","","No","",0.0,0.0,"","","",0,"vot7grjoac",1.0,"U Piece Angle-2 for Flyscreen - 529(W)*15(H)*7(T)",8.0,"Nos","Nos",16.0,0.0,"",0,0,8.0,"",8.0,1.0,"","","Main - TPL","U Piece Angle-2 529(W)*15(H)*7(T)","Stock Adjustment - TPL",0,"",0,0,"BOF Fabrication","U Piece Angle-2 for Flyscreen - 529(W)*15(H)*7(T)","","","","","","","",8.0,"","",0,0,"","","",0,"WIP Warehouse - TPL","","","",0.0,0,1.0,"","","","","","","","","","",""
"","","","","","","","","","","","","","","","","","","","","","","","","","","","","","","","","","","","","","","","","","","","","","","","","","","","","","","votqth00js",1.0,"R215 Top Flyscreen Wire Mash 903X554",4.0,"Nos","Nos",5.0,0.0,"",0,0,1.32,"",1.32,0.33,"","","Main - TPL","R215 Top Flyscreen Wire Mash 903X554","Stock Adjustment - TPL",0,"",0,0,"Child Component","R215 Top Flyscreen Wire Mesh 903X554","","","","","","","",4.0,"","",0,0,"","","",0,"WIP Warehouse - TPL","","","",0.0,0,0.33,"","","","","","","","","","",""
"","","","","","","","","","","","","","","","","","","","","","","","","","","","","","","","","","","","","","","","","","","","","","","","","","","","","","","voth4dgdd7",1.0,"R215 Top Flyscreen Covering Plate 910X30X1",4.0,"Nos","Nos",5.0,0.0,"",0,0,0.86,"",0.86,0.21375,"","","Main - TPL","R215 Top Flyscreen Covering Plate 910X30X1","Stock Adjustment - TPL",0,"",0,0,"Child Component","R215 Top Flyscreen Covering Plate 910X30X1","","","","","","","",4.0,"","",0,0,"","","",0,"WIP Warehouse - TPL","","","",0.0,0,0.21375,"","","","","","","","","","",""
"","","","","","","","","","","","","","","","","","","","","","","","","","","","","","","","","","","","","","","","","","","","","","","","","","","","","","","vot7rfb6cn",1.0,"R215 Top and Bottom Flyscreen Mounting Plate 35X30X2",16.0,"Nos","Nos",40.0,0.0,"",0,0,0.26,"",0.26,0.01609375,"","","Main - TPL","Top &amp; Bottom Flyscreen Mtg Plate 35X30X2","Stock Adjustment - TPL",0,"",0,0,"Child Component","R215 Top and Bottom Flyscreen Mounting Plate 35X30X2","","","","","","","",16.0,"","",0,0,"","","",0,"WIP Warehouse - TPL","","","",0.0,0,0.01609375,"","","","","","","","","","",""
"","","","","","","","","","","","","","","","","","","","","","","","","","","","","","","","","","","","","","","","","","","","","","","","","","","","","","","votfjk6o9l",1.0,"U Piece Angle-1 for Flyscreen - 910(L)*15(W)*7(T)",8.0,"Nos","Nos",16.0,0.0,"",0,0,8.0,"",8.0,1.0,"","","Main - TPL","U Piece Angle-1 910(L)*15(W)*7(T)","Stock Adjustment - TPL",0,"",0,0,"BOF Fabrication","U Piece Angle-1 for Flyscreen - 910(L)*15(W)*7(T)","","","","","","","",8.0,"","",0,0,"","","",0,"WIP Warehouse - TPL","","","",0.0,0,1.0,"","","","","","","","","","",""
"","","","","","","","","","","","","","","","","","","","","","","","","","","","","","","","","","","","","","","","","","","","","","","","","","","","","","","vot5i8umtk",1.0,"R215 Top Flyscreen Assembly",4.0,"Nos","Nos",1.0,0.0,"",0,0,18.44,"",18.44,4.61,"","BOM-R215 Top Flyscreen Assembly-001","Main - TPL","Top Flyscreen Assembly","Stock Adjustment - TPL",0,"",1,0,"Sub Assembly","R215 Top Flyscreen Assembly","","","","","","","",4.0,"","",0,0,"","","",0,"","","","WIP Warehouse - TPL",0.0,0,4.61,"","","","","","","","","","",""
"SE-260725-027","SE-.YY.MM.DD.-.###","Manufacture","Teksons Pvt Ltd","","","Manufacture",0,"WO/260714/0068","","","","","","","","2026-07-25","13:55:55.793692",0,0,0,1,0,"BOM-R215 Top Flyscreen Wire Mash 903X554-001",4.0,0.0,0.0,"WIP Warehouse - TPL","","","WIP Warehouse - TPL","","","",1.32,1.32,0.0,0.0,"","","","","","","","","No","",0.0,0.0,"","","",0,"vm51729q3g",1.0,"MS",1.32,"Kg","Kg",1.32,0.0,"",0,0,1.32,"",1.32,1.0,"","","Main - TPL","MS","Stock Adjustment - TPL",0,"",0,0,"To Group","MS","","","","","","","",1.32,"","",0,0,"","","",0,"WIP Warehouse - TPL","","","",0.0,0,1.0,"","","","","","","","","","",""
"","","","","","","","","","","","","","","","","","","","","","","","","","","","","","","","","","","","","","","","","","","","","","","","","","","","","","","vm5nlovlnd",1.0,"R215 Top Flyscreen Wire Mash 903X554",4.0,"Nos","Nos",1.0,0.0,"",0,0,1.32,"",1.32,0.33,"","BOM-R215 Top Flyscreen Wire Mash 903X554-001","Main - TPL","R215 Top Flyscreen Wire Mash 903X554","Stock Adjustment - TPL",0,"",1,0,"Child Component","R215 Top Flyscreen Wire Mesh 903X554","","","","","","","",4.0,"","",0,0,"","","",0,"","","","WIP Warehouse - TPL",0.0,0,0.33,"","","","","","","","","","",""
"SE-260725-026","SE-.YY.MM.DD.-.###","Manufacture","Teksons Pvt Ltd","","","Manufacture",0,"WO/260714/0066","","","","","","","","2026-07-25","13:55:46.812755",0,0,0,1,0,"BOM-R215 Top Cover Assembly-001",4.0,0.0,0.0,"WIP Warehouse - TPL","","","WIP Warehouse - TPL","","","",4.0,4.0,0.0,0.0,"","","","","","","","","No","",0.0,0.0,"","","",0,"vjb91556nd",1.0,"R215 Top Cover Assembly",4.0,"Nos","Nos",5.0,0.0,"",0,0,4.0,"",4.0,1.0,"","","Main - TPL","R215 Top Cover Assy","Stock Adjustment - TPL",0,"",0,0,"BOF Fabrication","R215 Top Cover Assembly","","","","","","","",4.0,"","",0,0,"","","",0,"WIP Warehouse - TPL","","","",0.0,0,1.0,"","","","","","","","","","",""
"","","","","","","","","","","","","","","","","","","","","","","","","","","","","","","","","","","","","","","","","","","","","","","","","","","","","","","vjbsmu68se",1.0,"R215 Top Cover Assembly",4.0,"Nos","Nos",5.0,0.0,"",0,0,4.0,"",4.0,1.0,"","BOM-R215 Top Cover Assembly-001","Main - TPL","R215 Top Cover Assy","Stock Adjustment - TPL",0,"",1,0,"BOF Fabrication","R215 Top Cover Assembly","","","","","","","",4.0,"","",0,0,"","","",0,"","","","WIP Warehouse - TPL",0.0,0,1.0,"","","","","","","","","","",""
"SE-260725-025","SE-.YY.MM.DD.-.###","Manufacture","Teksons Pvt Ltd","","","Manufacture",0,"WO/260714/0031","","","","","","","","2026-07-25","13:55:32.185360",0,0,0,1,0,"BOM-LH – RH Condenser MTG BKT-001",4.0,0.0,0.0,"WIP Warehouse - TPL","","","WIP Warehouse - TPL","","","",4.0,4.0,0.0,0.0,"","","","","","","","","No","",0.0,0.0,"","","",0,"vep956t68o",1.0,"R215 LH – RH Condenser MTG BKT",4.0,"Set","Set",9.0,0.0,"",0,0,4.0,"",4.0,1.0,"","","Main - TPL","LH – RH Condenser MTG BKT","Stock Adjustment - TPL",0,"",0,0,"To Group","R215 LH – RH Condenser MTG BKT","","","","","","","",4.0,"","",0,0,"","","",0,"WIP Warehouse - TPL","","","",0.0,0,1.0,"","","","","","","","","","",""
"","","","","","","","","","","","","","","","","","","","","","","","","","","","","","","","","","","","","","","","","","","","","","","","","","","","","","","vep19sv2u9",1.0,"R215 LH – RH Condenser MTG BKT",4.0,"Set","Set",9.0,0.0,"",0,0,4.0,"",4.0,1.0,"","BOM-LH – RH Condenser MTG BKT-001","Main - TPL","LH – RH Condenser MTG BKT","Stock Adjustment - TPL",0,"",1,0,"To Group","R215 LH – RH Condenser MTG BKT","","","","","","","",4.0,"","",0,0,"","","",0,"","","","WIP Warehouse - TPL",0.0,0,1.0,"","","","","","","","","","",""
"SE-260725-024","SE-.YY.MM.DD.-.###","Manufacture","Teksons Pvt Ltd","","","Manufacture",0,"WO/260714/0030","","","","","","","","2026-07-25","13:55:20.727163",0,0,0,1,0,"BOM-Fan Cowl-001",4.0,0.0,0.0,"WIP Warehouse - TPL","","","WIP Warehouse - TPL","","","",4.0,4.0,0.0,0.0,"","","","","","","","","No","",0.0,0.0,"","","",0,"vb605r8718",1.0,"R215 Fan Cowl",4.0,"Nos","Nos",5.0,0.0,"",0,0,4.0,"",4.0,1.0,"","","Main - TPL","R215 Fan Cowl","Stock Adjustment - TPL",0,"",0,0,"Sub Assembly","R215 Fan Cowl","","","","","","","",4.0,"","",0,0,"","","",0,"WIP Warehouse - TPL","","","",0.0,0,1.0,"","","","","","","","","","",""
"","","","","","","","","","","","","","","","","","","","","","","","","","","","","","","","","","","","","","","","","","","","","","","","","","","","","","","vb6a79ao9k",1.0,"R215 Fan Cowl",4.0,"Nos","Nos",5.0,0.0,"",0,0,4.0,"",4.0,1.0,"","BOM-Fan Cowl-001","Main - TPL","R215 Fan Cowl","Stock Adjustment - TPL",0,"",1,0,"Sub Assembly","R215 Fan Cowl","","","","","","","",4.0,"","",0,0,"","","",0,"","","","WIP Warehouse - TPL",0.0,0,1.0,"","","","","","","","","","",""
"SE-260725-023","SE-.YY.MM.DD.-.###","Manufacture","Teksons Pvt Ltd","","","Manufacture",0,"WO/260714/0026","","","","","","","","2026-07-25","13:55:01.202688",0,0,0,1,0,"BOM-R215 Bottom Flyscreen Wire Mash 903X475-001",4.0,0.0,0.0,"WIP Warehouse - TPL","","","WIP Warehouse - TPL","","","",1.13,1.13,0.0,0.0,"","","","","","","","","No","",0.0,0.0,"","","",0,"v53d25tbfh",1.0,"MS",1.128,"Kg","Kg",2.448,0.0,"",0,0,1.13,"",1.13,1.0,"","","Main - TPL","MS","Stock Adjustment - TPL",0,"",0,0,"To Group","MS","","","","","","","",1.128,"","",0,0,"","","",0,"WIP Warehouse - TPL","","","",0.0,0,1.0,"","","","","","","","","","",""
"","","","","","","","","","","","","","","","","","","","","","","","","","","","","","","","","","","","","","","","","","","","","","","","","","","","","","","v534d6soqq",1.0,"R215 Bottom Flyscreen Wire Mash 903X475",4.0,"Nos","Nos",1.0,0.0,"",0,0,1.13,"",1.13,0.2825,"","BOM-R215 Bottom Flyscreen Wire Mash 903X475-001","Main - TPL","R215 Bottom Flyscreen Wire Mash 903X475","Stock Adjustment - TPL",0,"",1,0,"Child Component","R215 Bottom Flyscreen Wire Mesh 903X475","","","","","","","",4.0,"","",0,0,"","","",0,"","","","WIP Warehouse - TPL",0.0,0,0.2825,"","","","","","","","","","",""
"SE-260725-022","SE-.YY.MM.DD.-.###","Manufacture","Teksons Pvt Ltd","","","Manufacture",0,"WO/260714/0024","","","","","","","","2026-07-25","13:54:35.092139",0,0,0,1,0,"BOM-R215 Bottom Cover Assembly-001",4.0,0.0,0.0,"WIP Warehouse - TPL","","","WIP Warehouse - TPL","","","",4.0,4.0,0.0,0.0,"","","","","","","","","No","",0.0,0.0,"","","",0,"usu8k8t1nd",1.0,"R215 Bottom Cover Assembly",4.0,"Nos","Nos",5.0,0.0,"",0,0,4.0,"",4.0,1.0,"","","Main - TPL","R215 Bottom Cover Assy","Stock Adjustment - TPL",0,"",0,0,"BOF Fabrication","R215 Bottom Cover Assembly","","","","","","","",4.0,"","",0,0,"","","",0,"WIP Warehouse - TPL","","","",0.0,0,1.0,"","","","","","","","","","",""
"","","","","","","","","","","","","","","","","","","","","","","","","","","","","","","","","","","","","","","","","","","","","","","","","","","","","","","usu7r3damv",1.0,"R215 Bottom Cover Assembly",4.0,"Nos","Nos",5.0,0.0,"",0,0,4.0,"",4.0,1.0,"","BOM-R215 Bottom Cover Assembly-001","Main - TPL","R215 Bottom Cover Assy","Stock Adjustment - TPL",0,"",1,0,"BOF Fabrication","R215 Bottom Cover Assembly","","","","","","","",4.0,"","",0,0,"","","",0,"","","","WIP Warehouse - TPL",0.0,0,1.0,"","","","","","","","","","",""
"SE-260725-021","SE-.YY.MM.DD.-.###","Manufacture","Teksons Pvt Ltd","","","Manufacture",0,"WO/260714/0028","","","","","","","","2026-07-25","13:53:41.715456",0,0,0,1,0,"BOM-R215 Top and Bottom Flyscreen Mounting Plate 35X30X2-001",32.0,0.0,0.0,"WIP Warehouse - TPL","","","WIP Warehouse - TPL","","","",0.51,0.51,0.0,0.0,"","","","","","","","","No","",0.0,0.0,"","","",0,"uc88qp72eu",1.0,"MS – 2MM Thk",0.512,"Kg","Kg",0.512,0.0,"",0,0,0.51,"",0.51,1.0,"","","Main - TPL","MS – 2MM Thk","Stock Adjustment - TPL",0,"",0,0,"To Group","MS – 2MM Thk","","","","","","","",0.512,"","",0,0,"","","",0,"WIP Warehouse - TPL","","","",0.0,0,1.0,"","","","","","","","","","",""
"","","","","","","","","","","","","","","","","","","","","","","","","","","","","","","","","","","","","","","","","","","","","","","","","","","","","","","uc8tpugjv1",1.0,"R215 Top and Bottom Flyscreen Mounting Plate 35X30X2",32.0,"Nos","Nos",8.0,0.0,"",0,0,0.51,"",0.51,0.0159375,"","BOM-R215 Top and Bottom Flyscreen Mounting Plate 35X30X2-001","Main - TPL","Top &amp; Bottom Flyscreen Mtg Plate 35X30X2","Stock Adjustment - TPL",0,"",1,0,"Child Component","R215 Top and Bottom Flyscreen Mounting Plate 35X30X2","","","","","","","",32.0,"","",0,0,"","","",0,"","","","WIP Warehouse - TPL",0.0,0,0.0159375,"","","","","","","","","","",""
"SE-260725-020","SE-.YY.MM.DD.-.###","Manufacture","Teksons Pvt Ltd","","","Manufacture",0,"WO/260714/0053","","","","","","","","2026-07-25","13:52:50.371759",0,0,0,1,0,"BOM-R215 RAD Core End Plate2.5X110X1021-001",8.0,0.0,0.0,"WIP Warehouse - TPL","","","WIP Warehouse - TPL","","","",6.83,6.83,0.0,0.0,"","","","","","","","","No","",0.0,0.0,"","","",0,"ts7j42fgr8",1.0,"R215 OC and RAD Core End Plate2.5X110X1021",8.0,"Nos","Nos",15.0,0.0,"",0,0,6.83,"",6.83,0.854166667,"","","Main - TPL","R215 Core End Plate For OC &amp; RAD 2.5X110X1021","Stock Adjustment - TPL",0,"",0,0,"Child Component","R215 OC and RAD Core End Plate2.5X110X1021","","","","","","","",8.0,"","",0,0,"","","",0,"WIP Warehouse - TPL","","","",0.0,0,0.854166667,"","","","","","","","","","",""
"","","","","","","","","","","","","","","","","","","","","","","","","","","","","","","","","","","","","","","","","","","","","","","","","","","","","","","ts7ahvpt32",1.0,"R215 RAD Core End Plate2.5X110X1021",8.0,"Nos","Nos",4.0,0.0,"",0,0,6.83,"",6.83,0.85375,"","BOM-R215 RAD Core End Plate2.5X110X1021-001","Main - TPL","R215 RAD Core End Plate2.5X110X1021","Stock Adjustment - TPL",0,"",1,0,"Child Component","R215 RAD Core End Plate2.5X110X1021","","","","","","","",8.0,"","",0,0,"","","",0,"","","","WIP Warehouse - TPL",0.0,0,0.85375,"","","","","","","","","","",""
"SE-260725-019","SE-.YY.MM.DD.-.###","Manufacture","Teksons Pvt Ltd","","","Manufacture",0,"WO/260714/0047","","","","","","","","2026-07-25","13:52:41.500252",0,0,0,1,0,"BOM-Tank End Plate For Extrusion No 0073C-ALU-2-0008-001",16.0,0.0,0.0,"WIP Warehouse - TPL","","","WIP Warehouse - TPL","","","",2.17,2.17,0.0,0.0,"","","","","","","","","No","",0.0,0.0,"","","",0,"tpe645rqi6",1.0,"Aluminium Plate 70*8*800MM",2.174,"Kg","Kg",3.399,0.0,"",0,0,2.17,"",2.17,1.0,"","","Main - TPL","Aluminium Plate 70*8*800MM","Stock Adjustment - TPL",0,"",0,0,"To Group","Aluminium Plate 70*8*800MM","","","","","","","",2.174,"","",0,0,"","","",0,"WIP Warehouse - TPL","","","",0.0,0,1.0,"","","","","","","","","","",""
"","","","","","","","","","","","","","","","","","","","","","","","","","","","","","","","","","","","","","","","","","","","","","","","","","","","","","","tpepr1gu7v",1.0,"Tank End Plate 96*62*8 For Extrusion No 0073C-ALU-2-0008",16.0,"Nos","Nos",0.0,0.0,"",0,0,2.17,"",2.17,0.135625,"","BOM-Tank End Plate For Extrusion No 0073C-ALU-2-0008-001","Main - TPL","Tank End Plate For Extrusion No 0073C-ALU-2-0008","Stock Adjustment - TPL",0,"",1,0,"Child Component","Tank End Plate 96*62*8 For Extrusion No 0073C-ALU-2-0008","","","","","","","",16.0,"","",0,0,"","","",0,"","","","WIP Warehouse - TPL",0.0,0,0.135625,"","","","","","","","","","",""
"SE-260725-018","SE-.YY.MM.DD.-.###","Manufacture","Teksons Pvt Ltd","","","Manufacture",0,"WO/260714/0029","","","","","","","","2026-07-25","13:50:52.415908",0,0,0,1,0,"BOM-Cage For M8 Sq Nut 182X50X0.5-001",32.0,0.0,0.0,"WIP Warehouse - TPL","","","WIP Warehouse - TPL","","","",33.15,33.15,0.0,0.0,"","","","","","","","","No","",0.0,0.0,"","","",0,"snbtjmdbdd",1.0,"SQ Nut M8*1.25P",32.0,"Nos","Nos",32.0,0.0,"",0,0,32.0,"",32.0,1.0,"","","Main - TPL","SQ Nut M8*1.25P","Stock Adjustment - TPL",0,"",0,0,"To Group","SQ Nut M8*1.25P","","","","","","","",32.0,"","",0,0,"","","",0,"WIP Warehouse - TPL","","","",0.0,0,1.0,"","","","","","","","","","",""
"","","","","","","","","","","","","","","","","","","","","","","","","","","","","","","","","","","","","","","","","","","","","","","","","","","","","","","snb4u2teu4",1.0,"GI – 0.5MM Thk",1.152,"Kg","Kg",1.152,0.0,"",0,0,1.15,"",1.15,1.0,"","","Main - TPL","GI – 0.5MM Thk","Stock Adjustment - TPL",0,"",0,0,"To Group","GI – 0.5MM Thk","","","","","","","",1.152,"","",0,0,"","","",0,"WIP Warehouse - TPL","","","",0.0,0,1.0,"","","","","","","","","","",""
"","","","","","","","","","","","","","","","","","","","","","","","","","","","","","","","","","","","","","","","","","","","","","","","","","","","","","","snbjkt63sl",1.0,"Cage For M8 Sq Nut 182X50X0.5",32.0,"Nos","Nos",8.0,0.0,"",0,0,33.15,"",33.15,1.0359375,"","BOM-Cage For M8 Sq Nut 182X50X0.5-001","Main - TPL","Cage For M8 Sq Nut 182X50X0.5","Stock Adjustment - TPL",0,"",1,0,"Child Component","Cage For M8 Sq Nut 182X50X0.5","","","","","","","",32.0,"","",0,0,"","","",0,"","","","WIP Warehouse - TPL",0.0,0,1.0359375,"","","","","","","","","","",""
"SE-260725-017","SE-.YY.MM.DD.-.###","Manufacture","Teksons Pvt Ltd","","","Manufacture",0,"WO/260714/0015","","","","","","","","2026-07-25","13:50:43.022485",0,0,0,1,0,"BOM-Tank End Plate for Extrusion No 0239C-ALU-2-0001-001",18.0,0.0,0.0,"WIP Warehouse - TPL","","","WIP Warehouse - TPL","","","",2.79,2.79,0.0,0.0,"","","","","","","","","No","",0.0,0.0,"","","",0,"skddtld2en",1.0,"Tank End Plate 110×5*595MM",3.0,"Nos","Nos",5.0,0.0,"",0,0,2.79,"",2.79,0.93,"","","Main - TPL","Tank End Plate 110×5*595MM","Stock Adjustment - TPL",0,"",0,0,"Child Component","Tank End Plate 110×5*595MM","","","","","","","",3.0,"","",0,0,"","","",0,"WIP Warehouse - TPL","","","",0.0,0,0.93,"","","","","","","","","","",""
"","","","","","","","","","","","","","","","","","","","","","","","","","","","","","","","","","","","","","","","","","","","","","","","","","","","","","","skdtndd5fu",1.0,"Tank End Plate 101.5*96*5 for Extrusion No 0239C-ALU-2-0001",18.0,"Nos","Nos",4.0,0.0,"",0,0,2.79,"",2.79,0.155,"","BOM-Tank End Plate for Extrusion No 0239C-ALU-2-0001-001","Main - TPL","Tank end plate for extrusion No  0239C-ALU-2-0001","Stock Adjustment - TPL",0,"",1,0,"Child Component","Tank End Plate 101.5*96*5 for Extrusion No 0239C-ALU-2-0001","","","","","","","",18.0,"","",0,0,"","","",0,"","","","WIP Warehouse - TPL",0.0,0,0.155,"","","","","","","","","","",""
"SE-260725-016","SE-.YY.MM.DD.-.###","Manufacture","Teksons Pvt Ltd","","","Manufacture",0,"WO/260714/0057","","","","","","","","2026-07-25","13:46:31.439777",0,0,0,1,0,"BOM-Turbulator 0.2*300*96.0-001",288.0,0.0,0.0,"WIP Warehouse - TPL","","","WIP Warehouse - TPL","","","",8.35,8.35,0.0,0.0,"","","","","","","","","No","",0.0,0.0,"","","",0,"q5p2kbs5t1",1.0,"Aluminium Coil 0.2×300",8.352,"Kg","Kg",8.352,0.0,"",0,0,8.35,"",8.35,1.0,"","","Main - TPL","Aluminium Coil 0.2×300","Stock Adjustment - TPL",0,"",0,0,"To Group","Aluminium Coil 0.2×300","","","","","","","",8.352,"","",0,0,"","","",0,"WIP Warehouse - TPL","","","",0.0,0,1.0,"","","","","","","","","","",""
"","","","","","","","","","","","","","","","","","","","","","","","","","","","","","","","","","","","","","","","","","","","","","","","","","","","","","","q5pamblsgh",1.0,"Turbulator 0.2*300*96.0",288.0,"Nos","Nos",72.0,0.0,"",0,0,8.35,"",8.35,0.028993056,"","BOM-Turbulator 0.2*300*96.0-001","Main - TPL","Turbulator for RAD 0.2*300*96.0","Stock Adjustment - TPL",0,"",1,0,"Child Component","Turbulator 0.2*300*96.0","","","","","","","",288.0,"","",0,0,"","","",0,"","","","WIP Warehouse - TPL",0.0,0,0.028993056,"","","","","","","","","","",""
"SE-260725-015","SE-.YY.MM.DD.-.###","Manufacture","Teksons Pvt Ltd","","","Manufacture",0,"WO/260714/0056","","","","","","","","2026-07-25","13:46:20.469878",0,0,0,1,0,"BOM-Turbulator 0.2*250*96.0-001",48.0,0.0,0.0,"WIP Warehouse - TPL","","","WIP Warehouse - TPL","","","",1.15,1.15,0.0,0.0,"","","","","","","","","No","",0.0,0.0,"","","",0,"q2c8mgemkn",1.0,"Aluminium Coil 0.2×250 Thk",1.152,"Kg","Kg",1.152,0.0,"",0,0,1.15,"",1.15,1.0,"","","Main - TPL","Aluminium Coil 0.2×250 Thk","Stock Adjustment - TPL",0,"",0,0,"To Group","Aluminium Coil 0.2×250 Thk","","","","","","","",1.152,"","",0,0,"","","",0,"WIP Warehouse - TPL","","","",0.0,0,1.0,"","","","","","","","","","",""
"","","","","","","","","","","","","","","","","","","","","","","","","","","","","","","","","","","","","","","","","","","","","","","","","","","","","","","q2c1r0ubcm",1.0,"Turbulator 0.2*250*96.0",48.0,"Nos","Nos",12.0,0.0,"",0,0,1.15,"",1.15,0.023958333,"","BOM-Turbulator 0.2*250*96.0-001","Main - TPL","Turbulator 0.2*250*96.0","Stock Adjustment - TPL",0,"",1,0,"Child Component","Turbulator 0.2*250*96.0","","","","","","","",48.0,"","",0,0,"","","",0,"","","","WIP Warehouse - TPL",0.0,0,0.023958333,"","","","","","","","","","",""
"SE-260725-014","SE-.YY.MM.DD.-.###","Manufacture","Teksons Pvt Ltd","","","Manufacture",0,"WO/260714/0055","","","","","","","","2026-07-25","13:46:10.675514",0,0,0,1,0,"BOM-Tube sheet for RAD 0.6*110*1021-001",200.0,0.0,0.0,"WIP Warehouse - TPL","","","WIP Warehouse - TPL","","","",36.8,36.8,0.0,0.0,"","","","","","","","","No","",0.0,0.0,"","","",0,"pvarpgjeit",1.0,"Aluminium Coil 0.6*110MM",36.8,"Kg","Kg",36.8,0.0,"",0,0,36.8,"",36.8,1.0,"","","Main - TPL","Aluminium Coil 0.6*110MM Thk","Stock Adjustment - TPL",0,"",0,0,"To Group","Aluminium Coil 0.6*110MM","","","","","","","",36.8,"","",0,0,"","","",0,"WIP Warehouse - TPL","","","",0.0,0,1.0,"","","","","","","","","","",""
"","","","","","","","","","","","","","","","","","","","","","","","","","","","","","","","","","","","","","","","","","","","","","","","","","","","","","","pva3ffvueq",1.0,"R215 RAD Tube Sheet 0.6*110*1021",200.0,"Nos","Nos",50.0,0.0,"",0,0,36.8,"",36.8,0.184,"","BOM-Tube sheet for RAD 0.6*110*1021-001","Main - TPL","Tube sheet for RAD 0.6*110*1021","Stock Adjustment - TPL",0,"",1,0,"To Group","R215 RAD Tube Sheet 0.6*110*1021","","","","","","","",200.0,"","",0,0,"","","",0,"","","","WIP Warehouse - TPL",0.0,0,0.184,"","","","","","","","","","",""
"SE-260725-013","SE-.YY.MM.DD.-.###","Manufacture","Teksons Pvt Ltd","","","Manufacture",0,"WO/260714/0054","","","","","","","","2026-07-25","13:46:00.300169",0,0,0,1,0,"BOM-R215 Fin For RAD 0.2*110*991-001",76.0,0.0,0.0,"WIP Warehouse - TPL","","","WIP Warehouse - TPL","","","",17.56,17.56,0.0,0.0,"","","","","","","","","No","",0.0,0.0,"","","",0,"ps2f5r2ucq",1.0,"Aluminium Coil 0.2*110",17.556,"Kg","Kg",17.556,0.0,"",0,0,17.56,"",17.56,1.0,"","","Main - TPL","Aluminium Coil 0.2*110","Stock Adjustment - TPL",0,"",0,0,"To Group","Aluminium Coil 0.2*110","","","","","","","",17.556,"","",0,0,"","","",0,"WIP Warehouse - TPL","","","",0.0,0,1.0,"","","","","","","","","","",""
"","","","","","","","","","","","","","","","","","","","","","","","","","","","","","","","","","","","","","","","","","","","","","","","","","","","","","","ps2nrevglf",1.0,"R215 Fin For RAD 0.2*110*991",76.0,"Nos","Nos",19.0,0.0,"",0,0,17.56,"",17.56,0.231052632,"","BOM-R215 Fin For RAD 0.2*110*991-001","Main - TPL","Fin For RAD 0.2*110*991","Stock Adjustment - TPL",0,"",1,0,"Child Component","R215 Fin For RAD 0.2*110*991","","","","","","","",76.0,"","",0,0,"","","",0,"","","","WIP Warehouse - TPL",0.0,0,0.231052632,"","","","","","","","","","",""
"SE-260725-012","SE-.YY.MM.DD.-.###","Manufacture","Teksons Pvt Ltd","","","Manufacture",0,"WO/260714/0043","","","","","","","","2026-07-25","13:45:50.228758",0,0,0,1,0,"BOM-Turbulator 0.3*300*44.5-001",624.0,0.0,0.0,"WIP Warehouse - TPL","","","WIP Warehouse - TPL","","","",11.23,11.23,0.0,0.0,"","","","","","","","","No","",0.0,0.0,"","","",0,"potvtarv39",1.0,"Aluminium Coil 0.3×300MM",11.232,"Kg","Kg",11.232,0.0,"",0,0,11.23,"",11.23,1.0,"","","Main - TPL","Aluminium Coil 0.3×300MM","Stock Adjustment - TPL",0,"",0,0,"To Group","Aluminium Coil 0.3×300MM","","","","","","","",11.232,"","",0,0,"","","",0,"WIP Warehouse - TPL","","","",0.0,0,1.0,"","","","","","","","","","",""
"","","","","","","","","","","","","","","","","","","","","","","","","","","","","","","","","","","","","","","","","","","","","","","","","","","","","","","potcfj7tfa",1.0,"Turbulator 0.3*300*44.5",624.0,"Nos","Nos",156.0,0.0,"",0,0,11.23,"",11.23,0.017996795,"","BOM-Turbulator 0.3*300*44.5-001","Main - TPL","Turbulator for OC 0.3*300*44.5","Stock Adjustment - TPL",0,"",1,0,"Child Component","Turbulator 0.3*300*44.5","","","","","","","",624.0,"","",0,0,"","","",0,"","","","WIP Warehouse - TPL",0.0,0,0.017996795,"","","","","","","","","","",""
"SE-260725-011","SE-.YY.MM.DD.-.###","Manufacture","Teksons Pvt Ltd","","","Manufacture",0,"WO/260714/0042","","","","","","","","2026-07-25","13:45:39.811818",0,0,0,1,0,"BOM-Turbulator 0.3*250*44.5-002",104.0,0.0,0.0,"WIP Warehouse - TPL","","","WIP Warehouse - TPL","","","",1.56,1.56,0.0,0.0,"","","","","","","","","No","",0.0,0.0,"","","",0,"pllp5de7cq",1.0,"Aluminium Coil 0.3×250MM",1.56,"Kg","Kg",1.56,0.0,"",0,0,1.56,"",1.56,1.0,"","","Main - TPL","Aluminium Coil 0.3×250MM","Stock Adjustment - TPL",0,"",0,0,"To Group","Aluminium Coil 0.3×250MM","","","","","","","",1.56,"","",0,0,"","","",0,"WIP Warehouse - TPL","","","",0.0,0,1.0,"","","","","","","","","","",""
"","","","","","","","","","","","","","","","","","","","","","","","","","","","","","","","","","","","","","","","","","","","","","","","","","","","","","","pllmf1346f",1.0,"Turbulator 0.3*250*44.5",104.0,"Nos","Nos",26.0,0.0,"",0,0,1.56,"",1.56,0.015,"","BOM-Turbulator 0.3*250*44.5-002","Main - TPL","Turbulator 0.3*250*44.5","Stock Adjustment - TPL",0,"",1,0,"Child Component","Turbulator 0.3*250*44.5","","","","","","","",104.0,"","",0,0,"","","",0,"","","","WIP Warehouse - TPL",0.0,0,0.015,"","","","","","","","","","",""
"SE-260725-010","SE-.YY.MM.DD.-.###","Manufacture","Teksons Pvt Ltd","","","Manufacture",0,"WO/260714/0041","","","","","","","","2026-07-25","13:45:29.351845",0,0,0,1,0,"BOM-Tube Sheet for OC 0.7*110*1021-001",216.0,0.0,0.0,"WIP Warehouse - TPL","","","WIP Warehouse - TPL","","","",46.44,46.44,0.0,0.0,"","","","","","","","","No","",0.0,0.0,"","","",0,"pidupdb7hv",1.0,"Aluminium Coil 0.7*110",46.44,"Kg","Kg",46.44,0.0,"",0,0,46.44,"",46.44,1.0,"","","Main - TPL","Aluminium Coil 0.7*110","Stock Adjustment - TPL",0,"",0,0,"To Group","Aluminium Coil 0.7*110","","","","","","","",46.44,"","",0,0,"","","",0,"WIP Warehouse - TPL","","","",0.0,0,1.0,"","","","","","","","","","",""
"","","","","","","","","","","","","","","","","","","","","","","","","","","","","","","","","","","","","","","","","","","","","","","","","","","","","","","pidaudcbrr",1.0,"R215 OC Tube Sheet 0.7*110*1021",216.0,"Nos","Nos",54.0,0.0,"",0,0,46.44,"",46.44,0.215,"","BOM-Tube Sheet for OC 0.7*110*1021-001","Main - TPL","Tube Sheet for OC 0.7*110*1021","Stock Adjustment - TPL",0,"",1,0,"To Group","R215 OC Tube Sheet 0.7*110*1021","","","","","","","",216.0,"","",0,0,"","","",0,"","","","WIP Warehouse - TPL",0.0,0,0.215,"","","","","","","","","","",""
"SE-260725-009","SE-.YY.MM.DD.-.###","Manufacture","Teksons Pvt Ltd","","","Manufacture",0,"WO/260714/0038","","","","","","","","2026-07-25","13:45:17.481747",0,0,0,1,0,"BOM-R215 Fin For OC 0.3*110*991-001",132.0,0.0,0.0,"WIP Warehouse - TPL","","","WIP Warehouse - TPL","","","",46.2,46.2,0.0,0.0,"","","","","","","","","No","",0.0,0.0,"","","",0,"pembemvkna",1.0,"Aluminium Coil 0.3*110MM",46.2,"Kg","Kg",46.2,0.0,"",0,0,46.2,"",46.2,1.0,"","","Main - TPL","Aluminium Coil 0.3*110MM","Stock Adjustment - TPL",0,"",0,0,"To Group","Aluminium Coil 0.3*110MM","","","","","","","",46.2,"","",0,0,"","","",0,"WIP Warehouse - TPL","","","",0.0,0,1.0,"","","","","","","","","","",""
"","","","","","","","","","","","","","","","","","","","","","","","","","","","","","","","","","","","","","","","","","","","","","","","","","","","","","","pemahlfv72",1.0,"R215 Fin For OC 0.3*110*991",132.0,"Nos","Nos",33.0,0.0,"",0,0,46.2,"",46.2,0.35,"","BOM-R215 Fin For OC 0.3*110*991-001","Main - TPL","Fin For OC 0.3*110*991","Stock Adjustment - TPL",0,"",1,0,"Child Component","R215 Fin For OC 0.3*110*991","","","","","","","",132.0,"","",0,0,"","","",0,"","","","WIP Warehouse - TPL",0.0,0,0.35,"","","","","","","","","","",""
"SE-260725-008","SE-.YY.MM.DD.-.###","Manufacture","Teksons Pvt Ltd","","","Manufacture",0,"WO/260714/0037","","","","","","","","2026-07-25","13:45:00.234816",0,0,0,1,0,"BOM-Extruded Bar for OC and RAD 3*7*1021-001",504.0,0.0,0.0,"WIP Warehouse - TPL","","","WIP Warehouse - TPL","","","",29.74,29.74,0.0,0.0,"","","","","","","","","No","",0.0,0.0,"","","",0,"p99mmckq1j",1.0,"Aluminium Extruded Bar (ALU-STD-0043)(3*7)",29.736,"Kg","Kg",29.736,0.0,"",0,0,29.74,"",29.74,1.0,"","","Main - TPL","Aluminium Extruded Bar (ALU-STD-0043)(3*7)","Stock Adjustment - TPL",0,"",0,0,"To Group","Aluminium Extruded Bar (ALU-STD-0043)(3*7)","","","","","","","",29.736,"","",0,0,"","","",0,"WIP Warehouse - TPL","","","",0.0,0,1.0,"","","","","","","","","","",""
"","","","","","","","","","","","","","","","","","","","","","","","","","","","","","","","","","","","","","","","","","","","","","","","","","","","","","","p99uv1ri42",1.0,"Extruded Bar for OC and RAD 3*7*1021",504.0,"Nos","Nos",126.0,0.0,"",0,0,29.74,"",29.74,0.059007937,"","BOM-Extruded Bar for OC and RAD 3*7*1021-001","Main - TPL","Extruded Bar for OC and RAD 3*7*1021","Stock Adjustment - TPL",0,"",1,0,"To Group","Extruded Bar for OC and RAD 3*7*1021","","","","","","","",504.0,"","",0,0,"","","",0,"","","","WIP Warehouse - TPL",0.0,0,0.059007937,"","","","","","","","","","",""
"SE-260725-007","SE-.YY.MM.DD.-.###","Manufacture","Teksons Pvt Ltd","","","Manufacture",0,"WO/260714/0013","","","","","","","","2026-07-25","13:44:06.340218",0,0,0,1,0,"BOM-R215 Tube Sheet For CAC 0.6*110*941-001",80.0,0.0,0.0,"WIP Warehouse - TPL","","","WIP Warehouse - TPL","","","",13.6,13.6,0.0,0.0,"","","","","","","","","No","",0.0,0.0,"","","",0,"ooenqr0iem",1.0,"Aluminium Coil 0.6*110MM",13.6,"Kg","Kg",50.4,0.0,"",0,0,13.6,"",13.6,1.0,"","","Main - TPL","Aluminium Coil 0.6*110MM Thk","Stock Adjustment - TPL",0,"",0,0,"To Group","Aluminium Coil 0.6*110MM","","","","","","","",13.6,"","",0,0,"","","",0,"WIP Warehouse - TPL","","","",0.0,0,1.0,"","","","","","","","","","",""
"","","","","","","","","","","","","","","","","","","","","","","","","","","","","","","","","","","","","","","","","","","","","","","","","","","","","","","ooecra1lhp",1.0,"R215 Tube Sheet For CAC 0.6*110*941",80.0,"Nos","Nos",20.0,0.0,"",0,0,13.6,"",13.6,0.17,"","BOM-R215 Tube Sheet For CAC 0.6*110*941-001","Main - TPL","Tube Sheet For CAC 0.6*110*941","Stock Adjustment - TPL",0,"",1,0,"To Group","R215 Tube Sheet For CAC 0.6*110*941","","","","","","","",80.0,"","",0,0,"","","",0,"","","","WIP Warehouse - TPL",0.0,0,0.17,"","","","","","","","","","",""
"SE-260725-006","SE-.YY.MM.DD.-.###","Manufacture","Teksons Pvt Ltd","","","Manufacture",0,"WO/260714/0012","","","","","","","","2026-07-25","13:43:50.172467",0,0,0,1,0,"BOM-R215 Spacer Bar for CAC 8*10*941-001",72.0,0.0,0.0,"WIP Warehouse - TPL","","","WIP Warehouse - TPL","","","",14.83,14.83,0.0,0.0,"","","","","","","","","No","",0.0,0.0,"","","",0,"ojddrkra46",1.0,"Aluminium Spacer Bar ALU-STD-0028 (8*10)",14.832,"Kg","Kg",14.832,0.0,"",0,0,14.83,"",14.83,1.0,"","","Main - TPL","Aluminium Spacer Bar ALU-STD-0028 (8*10)","Stock Adjustment - TPL",0,"",0,0,"To Group","Aluminium Spacer Bar ALU-STD-0028 (8*10)","","","","","","","",14.832,"","",0,0,"","","",0,"WIP Warehouse - TPL","","","",0.0,0,1.0,"","","","","","","","","","",""
"","","","","","","","","","","","","","","","","","","","","","","","","","","","","","","","","","","","","","","","","","","","","","","","","","","","","","","ojdbpnf53m",1.0,"R215 Spacer Bar for CAC 8*10*941",72.0,"Nos","Nos",18.0,0.0,"",0,0,14.83,"",14.83,0.205972222,"","BOM-R215 Spacer Bar for CAC 8*10*941-001","Main - TPL","Spacer Bar for CAC 8*10*941","Stock Adjustment - TPL",0,"",1,0,"To Group","R215 Spacer Bar for CAC 8*10*941","","","","","","","",72.0,"","",0,0,"","","",0,"","","","WIP Warehouse - TPL",0.0,0,0.205972222,"","","","","","","","","","",""
"SE-260725-005","SE-.YY.MM.DD.-.###","Manufacture","Teksons Pvt Ltd","","","Manufacture",0,"WO/260714/0011","","","","","","","","2026-07-25","13:43:38.415327",0,0,0,1,0,"BOM-Spacer Bar 9.5×15×110-001",496.0,0.0,0.0,"WIP Warehouse - TPL","","","WIP Warehouse - TPL","","","",21.33,21.33,0.0,0.0,"","","","","","","","","No","",0.0,0.0,"","","",0,"ofn3gugckv",1.0,"Aluminium Spacer Bar ( ALU STD 0061 ) ( 9.5*15 )",21.328,"Kg","Kg",21.328,0.0,"",0,0,21.33,"",21.33,1.0,"","","Main - TPL","Aluminium Spacer Bar ( ALU STD 0061 ) ( 9.5*15 )","Stock Adjustment - TPL",0,"",0,0,"To Group","Aluminium Spacer Bar ( ALU STD 0061 ) ( 9.5*15 )","","","","","","","",21.328,"","",0,0,"","","",0,"WIP Warehouse - TPL","","","",0.0,0,1.0,"","","","","","","","","","",""
"","","","","","","","","","","","","","","","","","","","","","","","","","","","","","","","","","","","","","","","","","","","","","","","","","","","","","","ofncd1vi3l",1.0,"Spacer Bar 9.5×15×110",496.0,"Nos","Nos",229.0,0.0,"",0,0,21.33,"",21.33,0.043004032,"","BOM-Spacer Bar 9.5×15×110-001","Main - TPL","Spacer Bar 9.5×15×110","Stock Adjustment - TPL",0,"",1,0,"To Group","Spacer Bar 9.5×15×110","","","","","","","",496.0,"","",0,0,"","","",0,"","","","WIP Warehouse - TPL",0.0,0,0.043004032,"","","","","","","","","","",""
"SE-260725-004","SE-.YY.MM.DD.-.###","Manufacture","Teksons Pvt Ltd","","","Manufacture",0,"WO/260714/0010","","","","","","","","2026-07-25","13:43:27.566219",0,0,0,1,0,"BOM-Internal Fin For CAC 0.2*200*90-001",144.0,0.0,0.0,"WIP Warehouse - TPL","","","WIP Warehouse - TPL","","","",4.75,4.75,0.0,0.0,"","","","","","","","","No","",0.0,0.0,"","","",0,"ocbr71tkqs",1.0,"Aluminium Coil 0.2×200MM",4.752,"Kg","Kg",4.752,0.0,"",0,0,4.75,"",4.75,1.0,"","","Main - TPL","Aluminium Coil 0.2×200MM","Stock Adjustment - TPL",0,"",0,0,"To Group","Aluminium Coil 0.2×200MM","","","","","","","",4.752,"","",0,0,"","","",0,"WIP Warehouse - TPL","","","",0.0,0,1.0,"","","","","","","","","","",""
"","","","","","","","","","","","","","","","","","","","","","","","","","","","","","","","","","","","","","","","","","","","","","","","","","","","","","","ocbcteaiqo",1.0,"Internal Fin For CAC 0.2*200*90",144.0,"Nos","Nos",36.0,0.0,"",0,0,4.75,"",4.75,0.032986111,"","BOM-Internal Fin For CAC 0.2*200*90-001","Main - TPL","Internal Fin For CAC 0.2*200*90","Stock Adjustment - TPL",0,"",1,0,"Child Component","Internal Fin For CAC 0.2*200*90","","","","","","","",144.0,"","",0,0,"","","",0,"","","","WIP Warehouse - TPL",0.0,0,0.032986111,"","","","","","","","","","",""
"SE-260725-003","SE-.YY.MM.DD.-.###","Manufacture","Teksons Pvt Ltd","","","Manufacture",0,"WO/260714/0009","","","","","","","","2026-07-25","13:43:10.734125",0,0,0,1,0,"BOM-Internal Fin For CAC 0.2*140*90-001",36.0,0.0,0.0,"WIP Warehouse - TPL","","","WIP Warehouse - TPL","","","",0.83,0.83,0.0,0.0,"","","","","","","","","No","",0.0,0.0,"","","",0,"o723l8nurs",1.0,"Aluminium Coil 0.2×140",0.828,"Kg","Kg",0.828,0.0,"",0,0,0.83,"",0.83,1.0,"","","Main - TPL","Aluminium Coil 0.2×140","Stock Adjustment - TPL",0,"",0,0,"To Group","Aluminium Coil 0.2×140","","","","","","","",0.828,"","",0,0,"","","",0,"WIP Warehouse - TPL","","","",0.0,0,1.0,"","","","","","","","","","",""
"","","","","","","","","","","","","","","","","","","","","","","","","","","","","","","","","","","","","","","","","","","","","","","","","","","","","","","o72idc0fgq",1.0,"Internal Fin For CAC 0.2*140*90",36.0,"Nos","Nos",9.0,0.0,"",0,0,0.83,"",0.83,0.023055556,"","BOM-Internal Fin For CAC 0.2*140*90-001","Main - TPL","Internal Fin For CAC 0.2*140*90","Stock Adjustment - TPL",0,"",1,0,"Child Component","Internal Fin For CAC 0.2*140*90","","","","","","","",36.0,"","",0,0,"","","",0,"","","","WIP Warehouse - TPL",0.0,0,0.023055556,"","","","","","","","","","",""
"SE-260725-002","SE-.YY.MM.DD.-.###","Manufacture","Teksons Pvt Ltd","","","Manufacture",0,"WO/260714/0008","","","","","","","","2026-07-25","13:43:00.514004",0,0,0,1,0,"BOM-R215 External Fin For CAC 0.3*110*911-001",16.0,0.0,0.0,"WIP Warehouse - TPL","","","WIP Warehouse - TPL","","","",5.15,5.15,0.0,0.0,"","","","","","","","","No","",0.0,0.0,"","","",0,"o3s7v9firj",1.0,"Aluminium Coil 0.3*110MM",5.152,"Kg","Kg",51.352,0.0,"",0,0,5.15,"",5.15,1.0,"","","Main - TPL","Aluminium Coil 0.3*110MM","Stock Adjustment - TPL",0,"",0,0,"To Group","Aluminium Coil 0.3*110MM","","","","","","","",5.152,"","",0,0,"","","",0,"WIP Warehouse - TPL","","","",0.0,0,1.0,"","","","","","","","","","",""
"","","","","","","","","","","","","","","","","","","","","","","","","","","","","","","","","","","","","","","","","","","","","","","","","","","","","","","o3s8jejpgv",1.0,"R215 External Fin For CAC 0.3*110*911",16.0,"Nos","Nos",4.0,0.0,"",0,0,5.15,"",5.15,0.321875,"","BOM-R215 External Fin For CAC 0.3*110*911-001","Main - TPL","External Fin For CAC 0.3*110*911","Stock Adjustment - TPL",0,"",1,0,"Child Component","R215 External Fin For CAC 0.3*110*911","","","","","","","",16.0,"","",0,0,"","","",0,"","","","WIP Warehouse - TPL",0.0,0,0.321875,"","","","","","","","","","",""
"SE-260725-001","SE-.YY.MM.DD.-.###","Manufacture","Teksons Pvt Ltd","","","Manufacture",0,"WO/260714/0007","","","","","","","","2026-07-25","13:42:44.669441",0,0,0,1,0,"BOM-R215 External Fin For CAC 0.2*110*911-001",24.0,0.0,0.0,"WIP Warehouse - TPL","","","WIP Warehouse - TPL","","","",5.16,5.16,0.0,0.0,"","","","","","","","","No","",0.0,0.0,"","","",0,"nutvk1kti3",1.0,"Aluminium Coil 0.2*110",5.16,"Kg","Kg",22.716,0.0,"",0,0,5.16,"",5.16,1.0,"","","Main - TPL","Aluminium Coil 0.2*110","Stock Adjustment - TPL",0,"",0,0,"To Group","Aluminium Coil 0.2*110","","","","","","","",5.16,"","",0,0,"","","",0,"WIP Warehouse - TPL","","","",0.0,0,1.0,"","","","","","","","","","",""
"","","","","","","","","","","","","","","","","","","","","","","","","","","","","","","","","","","","","","","","","","","","","","","","","","","","","","","nuts13330r",1.0,"R215 External Fin For CAC 0.2*110*911",24.0,"Nos","Nos",6.0,0.0,"",0,0,5.16,"",5.16,0.215,"","BOM-R215 External Fin For CAC 0.2*110*911-001","Main - TPL","External Fin For CAC 0.2*110*911","Stock Adjustment - TPL",0,"",1,0,"Child Component","R215 External Fin For CAC 0.2*110*911","","","","","","","",24.0,"","",0,0,"","","",0,"","","","WIP Warehouse - TPL",0.0,0,0.215,"","","","","","","","","","",""
"SE-260716-012","SE-.YY.MM.DD.-.###","Material Transfer for Manufacture","Teksons Pvt Ltd","","","Material Transfer for Manufacture",0,"WO/260714/0001","","","","","","","","2026-07-16","11:55:58.575430",0,0,0,1,0,"BOM-R215-001",4.0,0.0,0.0,"","","","WIP Warehouse - TPL","","","",812.0,812.0,0.0,0.0,"","","","","","","","","No","",0.0,812.0,"","","",0,"fk12k0ua60",1.0,"Bottom Foam",8.0,"Nos","Nos",38.0,0.0,"",0,0,8.0,"",8.0,1.0,"","","Main - TPL","Bottom Foam","Stock Adjustment - TPL",0,"",0,0,"To Group","Bottom Foam","","","","","","","",8.0,"","",0,0,"","","",0,"BOF Stores - TPL","","","WIP Warehouse - TPL",0.0,1,1.0,"","","","","","","","","","",""
"","","","","","","","","","","","","","","","","","","","","","","","","","","","","","","","","","","","","","","","","","","","","","","","","","","","","","","fk1g2bkac6",1.0,"C Clamp Spacer",48.0,"Nos","Nos",228.0,0.0,"",0,0,48.0,"",48.0,1.0,"","","Main - TPL","C Clamp Spacer","Stock Adjustment - TPL",0,"",0,0,"To Group","C Clamp Spacer","","","","","","","",48.0,"","",0,0,"","","",0,"BOF Stores - TPL","","","WIP Warehouse - TPL",0.0,1,1.0,"","","","","","","","","","",""
"","","","","","","","","","","","","","","","","","","","","","","","","","","","","","","","","","","","","","","","","","","","","","","","","","","","","","","fk1ldc4ufr",1.0,"EPDM Drain Hose",4.0,"Nos","Nos",19.0,0.0,"",0,0,4.0,"",4.0,1.0,"","","Main - TPL","EPDM Drain Hose","Stock Adjustment - TPL",0,"",0,0,"To Group","EPDM Drain Hose","","","","","","","",4.0,"","",0,0,"","","",0,"BOF Stores - TPL","","","WIP Warehouse - TPL",0.0,1,1.0,"","","","","","","","","","",""
"","","","","","","","","","","","","","","","","","","","","","","","","","","","","","","","","","","","","","","","","","","","","","","","","","","","","","","fk1nl1b9ai",1.0,"R215 Finger Guard",4.0,"Nos","Nos",19.0,0.0,"",0,0,4.0,"",4.0,1.0,"","","Main - TPL","Finger Guard","Stock Adjustment - TPL",0,"",0,0,"BOF Fabrication","R215 Finger Guard","","","","","","","",4.0,"","",0,0,"","","",0,"BOF Stores - TPL","","","WIP Warehouse - TPL",0.0,1,1.0,"","","","","","","","","","",""
"","","","","","","","","","","","","","","","","","","","","","","","","","","","","","","","","","","","","","","","","","","","","","","","","","","","","","","fk16jc5e6n",1.0,"Foam for CAC",8.0,"Nos","Nos",38.0,0.0,"",0,0,8.0,"",8.0,1.0,"","","Main - TPL","Foam for CAC","Stock Adjustment - TPL",0,"",0,0,"To Group","Foam for CAC","","","","","","","",8.0,"","",0,0,"","","",0,"BOF Stores - TPL","","","WIP Warehouse - TPL",0.0,1,1.0,"","","","","","","","","","",""
"","","","","","","","","","","","","","","","","","","","","","","","","","","","","","","","","","","","","","","","","","","","","","","","","","","","","","","fk1nuqlcsr",1.0,"Foam for gap B/W Cooler and F/C",8.0,"Nos","Nos",38.0,0.0,"",0,0,8.0,"",8.0,1.0,"","","Main - TPL","Foam for gap B/W Cooler and F/C","Stock Adjustment - TPL",0,"",0,0,"To Group","Foam for gap B/W Cooler and F/C","","","","","","","",8.0,"","",0,0,"","","",0,"BOF Stores - TPL","","","WIP Warehouse - TPL",0.0,1,1.0,"","","","","","","","","","",""
"","","","","","","","","","","","","","","","","","","","","","","","","","","","","","","","","","","","","","","","","","","","","","","","","","","","","","","fk1ggknf7h",1.0,"Foam for OIL Cooler",8.0,"Nos","Nos",38.0,0.0,"",0,0,8.0,"",8.0,1.0,"","","Main - TPL","Foam for OIL Cooler","Stock Adjustment - TPL",0,"",0,0,"To Group","Foam for OIL Cooler","","","","","","","",8.0,"","",0,0,"","","",0,"BOF Stores - TPL","","","WIP Warehouse - TPL",0.0,1,1.0,"","","","","","","","","","",""
"","","","","","","","","","","","","","","","","","","","","","","","","","","","","","","","","","","","","","","","","","","","","","","","","","","","","","","fk10imooar",1.0,"HEX Head Bolt M8*1.25P*25LG",72.0,"Nos","Nos",342.0,0.0,"",0,0,72.0,"",72.0,1.0,"","","Main - TPL","HEX Head Bolt M8*1.25P*25LG","Stock Adjustment - TPL",0,"",0,0,"To Group","HEX Head Bolt M8*1.25P*25LG","","","","","","","",72.0,"","",0,0,"","","",0,"BOF Stores - TPL","","","WIP Warehouse - TPL",0.0,1,1.0,"","","","","","","","","","",""
"","","","","","","","","","","","","","","","","","","","","","","","","","","","","","","","","","","","","","","","","","","","","","","","","","","","","","","fk1svrlchl",1.0,"HEX Head Bolt M10*1.5P*30LG",112.0,"Nos","Nos",532.0,0.0,"",0,0,112.0,"",112.0,1.0,"","","Main - TPL","HEX Head Bolt M10*1.5P*30LG","Stock Adjustment - TPL",0,"",0,0,"To Group","HEX Head Bolt M10*1.5P*30LG","","","","","","","",112.0,"","",0,0,"","","",0,"BOF Stores - TPL","","","WIP Warehouse - TPL",0.0,1,1.0,"","","","","","","","","","",""
"","","","","","","","","","","","","","","","","","","","","","","","","","","","","","","","","","","","","","","","","","","","","","","","","","","","","","","fk12sf7l72",1.0,"Hose Clip",4.0,"Nos","Nos",19.0,0.0,"",0,0,4.0,"",4.0,1.0,"","","Main - TPL","Hose Clip","Stock Adjustment - TPL",0,"",0,0,"To Group","Hose Clip","","","","","","","",4.0,"","",0,0,"","","",0,"BOF Stores - TPL","","","WIP Warehouse - TPL",0.0,1,1.0,"","","","","","","","","","",""
"","","","","","","","","","","","","","","","","","","","","","","","","","","","","","","","","","","","","","","","","","","","","","","","","","","","","","","fk1f2m57gr",1.0,"R215 LH – RH Condenser MTG BKT",4.0,"Set","Set",95.0,0.0,"",0,0,4.0,"",4.0,1.0,"","","Main - TPL","LH – RH Condenser MTG BKT","Stock Adjustment - TPL",0,"",0,0,"To Group","R215 LH – RH Condenser MTG BKT","","","","","","","",4.0,"","",0,0,"","","",0,"BOF Stores - TPL","","","WIP Warehouse - TPL",0.0,1,1.0,"","","","","","","","","","",""
"","","","","","","","","","","","","","","","","","","","","","","","","","","","","","","","","","","","","","","","","","","","","","","","","","","","","","","fk18nfts4b",1.0,"M8 Nuts",8.0,"Nos","Nos",38.0,0.0,"",0,0,8.0,"",8.0,1.0,"","","Main - TPL","Nuts","Stock Adjustment - TPL",0,"",0,0,"BOF MC","M8 Nuts","","","","","","","",8.0,"","",0,0,"","","",0,"BOF Stores - TPL","","","WIP Warehouse - TPL",0.0,1,1.0,"","","","","","","","","","",""
"","","","","","","","","","","","","","","","","","","","","","","","","","","","","","","","","","","","","","","","","","","","","","","","","","","","","","","fk1l1bk1b5",1.0,"M10 Plain Washer",112.0,"Nos","Nos",532.0,0.0,"",0,0,112.0,"",112.0,1.0,"","","Main - TPL","Plain washer (forM10)","Stock Adjustment - TPL",0,"",0,0,"To Group","Plain washer (for M10)","","","","","","","",112.0,"","",0,0,"","","",0,"BOF Stores - TPL","","","WIP Warehouse - TPL",0.0,1,1.0,"","","","","","","","","","",""
"","","","","","","","","","","","","","","","","","","","","","","","","","","","","","","","","","","","","","","","","","","","","","","","","","","","","","","fk1pi6pvjm",1.0,"M8 Plain Washer",104.0,"Nos","Nos",494.0,0.0,"",0,0,104.0,"",104.0,1.0,"","","Main - TPL","Plain washer (forM8)","Stock Adjustment - TPL",0,"",0,0,"To Group","Plain washer (for M8)","","","","","","","",104.0,"","",0,0,"","","",0,"BOF Stores - TPL","","","WIP Warehouse - TPL",0.0,1,1.0,"","","","","","","","","","",""
"","","","","","","","","","","","","","","","","","","","","","","","","","","","","","","","","","","","","","","","","","","","","","","","","","","","","","","fk15eogscg",1.0,"Rivets - 4.8 X 12.5",16.0,"Nos","Nos",96.0,0.0,"",0,0,16.0,"",16.0,1.0,"","","Main - TPL","Rivets - 4.8 X 12.5","Stock Adjustment - TPL",0,"",0,0,"BOF MC","Rivets - 4.8 X 12.5","","","","","","","",16.0,"","",0,0,"","","",0,"BOF Stores - TPL","","","WIP Warehouse - TPL",0.0,1,1.0,"","","","","","","","","","",""
"","","","","","","","","","","","","","","","","","","","","","","","","","","","","","","","","","","","","","","","","","","","","","","","","","","","","","","fk146q0ivn",1.0,"M10 Spring Washer",112.0,"Nos","Nos",532.0,0.0,"",0,0,112.0,"",112.0,1.0,"","","Main - TPL","Spring washer (forM10)","Stock Adjustment - TPL",0,"",0,0,"To Group","Spring washer (for M10)","","","","","","","",112.0,"","",0,0,"","","",0,"BOF Stores - TPL","","","WIP Warehouse - TPL",0.0,1,1.0,"","","","","","","","","","",""
"","","","","","","","","","","","","","","","","","","","","","","","","","","","","","","","","","","","","","","","","","","","","","","","","","","","","","","fk1sh1es2t",1.0,"M8 Spring Washer",104.0,"Nos","Nos",494.0,0.0,"",0,0,104.0,"",104.0,1.0,"","","Main - TPL","Spring washer (forM8)","Stock Adjustment - TPL",0,"",0,0,"To Group","Spring Washer (for M8)","","","","","","","",104.0,"","",0,0,"","","",0,"BOF Stores - TPL","","","WIP Warehouse - TPL",0.0,1,1.0,"","","","","","","","","","",""
"","","","","","","","","","","","","","","","","","","","","","","","","","","","","","","","","","","","","","","","","","","","","","","","","","","","","","","fk1vq2g8ht",1.0,"Wing Bolt",32.0,"Nos","Nos",152.0,0.0,"",0,0,32.0,"",32.0,1.0,"","","Main - TPL","Wing Bolt","Stock Adjustment - TPL",0,"",0,0,"To Group","Wing Bolt","","","","","","","",32.0,"","",0,0,"","","",0,"BOF Stores - TPL","","","WIP Warehouse - TPL",0.0,1,1.0,"","","","","","","","","","",""
"","","","","","","","","","","","","","","","","","","","","","","","","","","","","","","","","","","","","","","","","","","","","","","","","","","","","","","fk11uc1lmj",1.0,"Pressure Cap",4.0,"Nos","Nos",19.0,0.0,"",0,0,4.0,"",4.0,1.0,"","","Main - TPL","Pressure Cap","Stock Adjustment - TPL",0,"",0,0,"To Group","Pressure Cap","","","","","","","",4.0,"","",0,0,"","","",0,"BOF Stores - TPL","","","WIP Warehouse - TPL",0.0,1,1.0,"","","","","","","","","","",""
"","","","","","","","","","","","","","","","","","","","","","","","","","","","","","","","","","","","","","","","","","","","","","","","","","","","","","","fk1lf57jou",1.0,"Foam",4.0,"Set","Set",19.0,0.0,"",0,0,4.0,"",4.0,1.0,"","","Main - TPL","Foam","Stock Adjustment - TPL",0,"",0,0,"To Group","Foam","","","","","","","",4.0,"","",0,0,"","","",0,"BOF Stores - TPL","","","WIP Warehouse - TPL",0.0,1,1.0,"","","","","","","","","","",""
"","","","","","","","","","","","","","","","","","","","","","","","","","","","","","","","","","","","","","","","","","","","","","","","","","","","","","","fk1e0aqrm6",1.0,"Protective Cap for CAC",8.0,"Nos","Nos",38.0,0.0,"",0,0,8.0,"",8.0,1.0,"","","Main - TPL","Protective Cap for CAC","Stock Adjustment - TPL",0,"",0,0,"To Group","Protective Cap for CAC","","","","","","","",8.0,"","",0,0,"","","",0,"BOF Stores - TPL","","","WIP Warehouse - TPL",0.0,1,1.0,"","","","","","","","","","",""
"","","","","","","","","","","","","","","","","","","","","","","","","","","","","","","","","","","","","","","","","","","","","","","","","","","","","","","fk178h7bbl",1.0,"Protective cap for OC",8.0,"Nos","Nos",38.0,0.0,"",0,0,8.0,"",8.0,1.0,"","","Main - TPL","Protective cap for OC","Stock Adjustment - TPL",0,"",0,0,"To Group","Protective cap for OC","","","","","","","",8.0,"","",0,0,"","","",0,"BOF Stores - TPL","","","WIP Warehouse - TPL",0.0,1,1.0,"","","","","","","","","","",""
"","","","","","","","","","","","","","","","","","","","","","","","","","","","","","","","","","","","","","","","","","","","","","","","","","","","","","","fk14p3762e",1.0,"Protective Cap for Radiator",8.0,"Nos","Nos",38.0,0.0,"",0,0,8.0,"",8.0,1.0,"","","Main - TPL","Protective Cap for Radiator","Stock Adjustment - TPL",0,"",0,0,"To Group","Protective Cap for Radiator","","","","","","","",8.0,"","",0,0,"","","",0,"BOF Stores - TPL","","","WIP Warehouse - TPL",0.0,1,1.0,"","","","","","","","","","",""
"","","","","","","","","","","","","","","","","","","","","","","","","","","","","","","","","","","","","","","","","","","","","","","","","","","","","","","fk16l7quke",1.0,"Sticker (Warning)",4.0,"Nos","Nos",19.0,0.0,"",0,0,4.0,"",4.0,1.0,"","","Main - TPL","Sticker (Warning)","Stock Adjustment - TPL",0,"",0,0,"To Group","Sticker (Warning)","","","","","","","",4.0,"","",0,0,"","","",0,"BOF Stores - TPL","","","WIP Warehouse - TPL",0.0,1,1.0,"","","","","","","","","","",""
"","","","","","","","","","","","","","","","","","","","","","","","","","","","","","","","","","","","","","","","","","","","","","","","","","","","","","","fk1ifp0jr3",1.0,"Sticker (Part No)",4.0,"Nos","Nos",19.0,0.0,"",0,0,4.0,"",4.0,1.0,"","","Main - TPL","Sticker(Part No)","Stock Adjustment - TPL",0,"",0,0,"To Group","Sticker (Part No)","","","","","","","",4.0,"","",0,0,"","","",0,"BOF Stores - TPL","","","WIP Warehouse - TPL",0.0,1,1.0,"","","","","","","","","","",""
"","","","","","","","","","","","","","","","","","","","","","","","","","","","","","","","","","","","","","","","","","","","","","","","","","","","","","","fk1vhbi20t",1.0,"Sticker (Serial No)",4.0,"Nos","Nos",19.0,0.0,"",0,0,4.0,"",4.0,1.0,"","","Main - TPL","Sticker(Serial No)","Stock Adjustment - TPL",0,"",0,0,"To Group","Sticker (Serial No)","","","","","","","",4.0,"","",0,0,"","","",0,"BOF Stores - TPL","","","WIP Warehouse - TPL",0.0,1,1.0,"","","","","","","","","","",""
"SE-260716-011","SE-.YY.MM.DD.-.###","Material Transfer for Manufacture","Teksons Pvt Ltd","","","Material Transfer for Manufacture",0,"WO/260714/0051","","","","","","","","2026-07-16","11:52:12.331857",0,0,0,1,0,"BOM-Radiator-001",4.0,0.0,0.0,"","","","WIP Warehouse - TPL","","","",8.0,8.0,0.0,0.0,"","","","","","","","","No","",0.0,8.0,"","","",0,"ddp8499bin",1.0,"Drain Plug",4.0,"Nos","Nos",34.0,0.0,"",0,0,4.0,"",4.0,1.0,"","","Main - TPL","Drain Plug","Stock Adjustment - TPL",0,"",0,0,"To Group","Drain Plug","","","","","","","",4.0,"","",0,0,"","","",0,"BOF Stores - TPL","","","WIP Warehouse - TPL",0.0,1,1.0,"","","","","","","","","","",""
"","","","","","","","","","","","","","","","","","","","","","","","","","","","","","","","","","","","","","","","","","","","","","","","","","","","","","","ddpo8pmg0h",1.0,"RAD Drain Bush",4.0,"Nos","Nos",20.0,0.0,"",0,0,4.0,"",4.0,1.0,"","","Main - TPL","RAD Drain Bush","Stock Adjustment - TPL",0,"",0,0,"To Group","RAD Drain Bush","","","","","","","",4.0,"","",0,0,"","","",0,"BOF Stores - TPL","","","WIP Warehouse - TPL",0.0,1,1.0,"","","","","","","","","","",""
"SE-260716-010","SE-.YY.MM.DD.-.###","Manufacture","Teksons Pvt Ltd","","","Manufacture",0,"WO/260714/0046","","","","","","","","2026-07-16","10:04:32.524923",0,0,0,1,0,"BOM-R215 OC Top & Bottom Tank 70x113x7.5x377LG-001",8.0,0.0,0.0,"WIP Warehouse - TPL","","","WIP Warehouse - TPL","","","",24.88,24.88,0.0,0.0,"","","","","","","","","No","",0.0,0.0,"","","",0,"ebkus9t0bb",1.0,"Aluminium Extrusion No 0073C-ALU-2-0008 70(H)*113(W)*7.5(T)*377LG",24.88,"Kg","Kg",24.88,0.0,"",0,0,24.88,"",24.88,1.0,"","","Main - TPL","Aluminium Extrusion No 0073C-ALU-2-0008 70(H)*113(W)*7.5(T)*377LG","Stock Adjustment - TPL",0,"",0,0,"To Group","Aluminium Extrusion No 0073C-ALU-2-0008 70(H)*113(W)*7.5(T)*377LG","","","","","","","",24.88,"","",0,0,"","","",0,"WIP Warehouse - TPL","","","",0.0,0,1.0,"","","","","","","","","","",""
"","","","","","","","","","","","","","","","","","","","","","","","","","","","","","","","","","","","","","","","","","","","","","","","","","","","","","","ebkthv899f",1.0,"R215 OC Top & Bottom Tank 70x113x7.5x377LG",8.0,"Nos","Nos",2.0,0.0,"",0,0,24.88,"",24.88,3.11,"","BOM-R215 OC Top & Bottom Tank 70x113x7.5x377LG-001","Main - TPL","OC Top &amp; Bottom Tank","Stock Adjustment - TPL",0,"",1,0,"To Group","R215 OC Top & Bottom Tank 70x113x7.5x377LG","","","","","","","",8.0,"","",0,0,"","","",0,"","","","WIP Warehouse - TPL",0.0,0,3.11,"","","","","","","","","","",""
"SE-260716-009","SE-.YY.MM.DD.-.###","Manufacture","Teksons Pvt Ltd","","","Manufacture",0,"WO/260714/0060","","","","","","","","2026-07-16","10:04:15.437794",0,0,0,1,0,"BOM-R215 RAD Top and Bottom Tank-001",8.0,0.0,0.0,"WIP Warehouse - TPL","","","WIP Warehouse - TPL","","","",19.6,19.6,0.0,0.0,"","","","","","","","","No","",0.0,0.0,"","","",0,"e693f9j7l7",1.0,"Aluminium Extrusion No 0253OC-ALU-2-0005 70(H)*113(W)*7.5(T)*345LG",19.6,"Kg","Kg",19.6,0.0,"",0,0,19.6,"",19.6,1.0,"","","Main - TPL","Aluminium Extrusion No 0253OC-ALU-2-0005 70(H)*113(W)*7.5(T)*345LG","Stock Adjustment - TPL",0,"",0,0,"To Group","Aluminium Extrusion No 0253OC-ALU-2-0005 70(H)*113(W)*7.5(T)*345LG","","","","","","","",19.6,"","",0,0,"","","",0,"WIP Warehouse - TPL","","","",0.0,0,1.0,"","","","","","","","","","",""
"","","","","","","","","","","","","","","","","","","","","","","","","","","","","","","","","","","","","","","","","","","","","","","","","","","","","","","e69fpe89ru",1.0,"R215 RAD Top and Bottom Tank",8.0,"Nos","Nos",2.0,0.0,"",0,0,19.6,"",19.6,2.45,"","BOM-R215 RAD Top and Bottom Tank-001","Main - TPL","RAD Top &amp; Bottom Tank","Stock Adjustment - TPL",0,"",1,0,"To Group","R215 RAD Top and Bottom Tank","","","","","","","",8.0,"","",0,0,"","","",0,"","","","WIP Warehouse - TPL",0.0,0,2.45,"","","","","","","","","","",""
"SE-260716-008","SE-.YY.MM.DD.-.###","Manufacture","Teksons Pvt Ltd","","","Manufacture",0,"WO/260714/0019","","","","","","","","2026-07-16","10:00:20.204465",0,0,0,1,0,"BOM-R215 CAC Top and Bottom Tank 110x113x7.5x186LG-001",8.0,0.0,0.0,"WIP Warehouse - TPL","","","WIP Warehouse - TPL","","","",14.48,14.48,0.0,0.0,"","","","","","","","","No","",0.0,0.0,"","","",0,"bsp49no6ie",1.0,"Aluminium Extrusion No 0239C-ALU-2-0001 110(H)*113(W)*7.5(T)*186Kg",14.48,"Kg","Kg",14.48,0.0,"",0,0,14.48,"",14.48,1.0,"","","Main - TPL","Aluminium Extrusion No 0239C-ALU-2-0001 110(H)*113(W)*7.5(T)*186Kg","Stock Adjustment - TPL",0,"",0,0,"To Group","Aluminium Extrusion No 0239C-ALU-2-0001 110(H)*113(W)*7.5(T)*186Kg","","","","","","","",14.48,"","",0,0,"","","",0,"WIP Warehouse - TPL","","","",0.0,0,1.0,"","","","","","","","","","",""
"","","","","","","","","","","","","","","","","","","","","","","","","","","","","","","","","","","","","","","","","","","","","","","","","","","","","","","bsphv17soe",1.0,"R215 CAC Top and Bottom Tank 110x113x7.5x186LG",8.0,"Nos","Nos",2.0,0.0,"",0,0,14.48,"",14.48,1.81,"","BOM-R215 CAC Top and Bottom Tank 110x113x7.5x186LG-001","Main - TPL","CAC Top and Bottom Tank","Stock Adjustment - TPL",0,"",1,0,"To Group","R215 CAC Top and Bottom Tank 110x113x7.5x186LG","","","","","","","",8.0,"","",0,0,"","","",0,"","","","WIP Warehouse - TPL",0.0,0,1.81,"","","","","","","","","","",""
"SE-260716-007","SE-.YY.MM.DD.-.###","Manufacture","Teksons Pvt Ltd","","","Manufacture",0,"WO/260714/0016","","","","","","","","2026-07-16","9:59:50.885387",0,0,0,1,0,"BOM-Tank End Plate 110×5*595MM-001",4.0,0.0,0.0,"WIP Warehouse - TPL","","","WIP Warehouse - TPL","","","",3.58,3.58,0.0,0.0,"","","","","","","","","No","",0.0,0.0,"","","",0,"bjkje75m5t",1.0,"Aluminium Plate 110*5*2250MM",3.576,"Kg","Kg",3.576,0.0,"",0,0,3.58,"",3.58,1.0,"","","Main - TPL","Aluminium Plate 110*5*2250MM","Stock Adjustment - TPL",0,"",0,0,"To Group","Aluminium Plate 110*5*2250MM","","","","","","","",3.576,"","",0,0,"","","",0,"WIP Warehouse - TPL","","","",0.0,0,1.0,"","","","","","","","","","",""
"","","","","","","","","","","","","","","","","","","","","","","","","","","","","","","","","","","","","","","","","","","","","","","","","","","","","","","bjku962mi1",1.0,"Tank End Plate 110×5*595MM",4.0,"Nos","Nos",1.0,0.0,"",0,0,3.58,"",3.58,0.895,"","BOM-Tank End Plate 110×5*595MM-001","Main - TPL","Tank End Plate 110×5*595MM","Stock Adjustment - TPL",0,"",1,0,"Child Component","Tank End Plate 110×5*595MM","","","","","","","",4.0,"","",0,0,"","","",0,"","","","WIP Warehouse - TPL",0.0,0,0.895,"","","","","","","","","","",""
"SE-260716-006","SE-.YY.MM.DD.-.###","Manufacture","Teksons Pvt Ltd","","","Manufacture",0,"WO/260714/0069","","","","","","","","2026-07-16","9:55:56.103304",0,0,0,1,0,"BOM-R215 Top Flyscreen Covering Plate 910X30X1-001",4.0,0.0,0.0,"WIP Warehouse - TPL","","","WIP Warehouse - TPL","","","",0.86,0.86,0.0,0.0,"","","","","","","","","No","",0.0,0.0,"","","",0,"9a87bufev2",1.0,"MS – 1 MM Thk",0.856,"Kg","Kg",0.936,0.0,"",0,0,0.86,"",0.86,1.0,"","","Main - TPL","MS – 1 MM Thk","Stock Adjustment - TPL",0,"",0,0,"To Group","MS – 1 MM Thk","","","","","","","",0.856,"","",0,0,"","","",0,"WIP Warehouse - TPL","","","",0.0,0,1.0,"","","","","","","","","","",""
"","","","","","","","","","","","","","","","","","","","","","","","","","","","","","","","","","","","","","","","","","","","","","","","","","","","","","","9a8lvveqm7",1.0,"R215 Top Flyscreen Covering Plate 910X30X1",4.0,"Nos","Nos",1.0,0.0,"",0,0,0.86,"",0.86,0.215,"","BOM-R215 Top Flyscreen Covering Plate 910X30X1-001","Main - TPL","R215 Top Flyscreen Covering Plate 910X30X1","Stock Adjustment - TPL",0,"",1,0,"Child Component","R215 Top Flyscreen Covering Plate 910X30X1","","","","","","","",4.0,"","",0,0,"","","",0,"","","","WIP Warehouse - TPL",0.0,0,0.215,"","","","","","","","","","",""
"SE-260716-005","SE-.YY.MM.DD.-.###","Manufacture","Teksons Pvt Ltd","","","Manufacture",0,"WO/260714/0040","","","","","","","","2026-07-16","9:55:44.732463",0,0,0,1,0,"BOM-R215 OC Core End Plate 5X165X1021-001",4.0,0.0,0.0,"WIP Warehouse - TPL","","","WIP Warehouse - TPL","","","",9.2,9.2,0.0,0.0,"","","","","","","","","No","",0.0,0.0,"","","",0,"96mq0jn807",1.0,"Aluminium Sheet 5MM Thk",9.2,"Kg","Kg",9.2,0.0,"",0,0,9.2,"",9.2,1.0,"","","Main - TPL","Aluminium Sheet 5MM Thk","Stock Adjustment - TPL",0,"",0,0,"To Group","Aluminium Sheet 5MM Thk","","","","","","","",9.2,"","",0,0,"","","",0,"WIP Warehouse - TPL","","","",0.0,0,1.0,"","","","","","","","","","",""
"","","","","","","","","","","","","","","","","","","","","","","","","","","","","","","","","","","","","","","","","","","","","","","","","","","","","","","96mm8s29c1",1.0,"R215 OC Core End Plate 5X165X1021",4.0,"Nos","Nos",1.0,0.0,"",0,0,9.2,"",9.2,2.3,"","BOM-R215 OC Core End Plate 5X165X1021-001","Main - TPL","R215 OC Core End Plate 5X165X1021","Stock Adjustment - TPL",0,"",1,0,"Child Component","R215 OC Core End Plate 5X165X1021","","","","","","","",4.0,"","",0,0,"","","",0,"","","","WIP Warehouse - TPL",0.0,0,2.3,"","","","","","","","","","",""
"SE-260716-004","SE-.YY.MM.DD.-.###","Manufacture","Teksons Pvt Ltd","","","Manufacture",0,"WO/260714/0036","","","","","","","","2026-07-16","9:55:30.588887",0,0,0,1,0,"BOM-R215 OC and RAD Core End Plate2.5X110X1021-001",12.0,0.0,0.0,"WIP Warehouse - TPL","","","WIP Warehouse - TPL","","","",9.2,9.2,0.0,0.0,"","","","","","","","","No","",0.0,0.0,"","","",0,"929dsf0eh0",1.0,"Aluminium Sheet 2.5MM Thk Without Cladded",9.204,"Kg","Kg",9.204,0.0,"",0,0,9.2,"",9.2,1.0,"","","Main - TPL","Aluminium Sheet 2.5MM Thk Without Cladded","Stock Adjustment - TPL",0,"",0,0,"To Group","Aluminium Sheet 2.5MM Thk Without Cladded","","","","","","","",9.204,"","",0,0,"","","",0,"WIP Warehouse - TPL","","","",0.0,0,1.0,"","","","","","","","","","",""
"","","","","","","","","","","","","","","","","","","","","","","","","","","","","","","","","","","","","","","","","","","","","","","","","","","","","","","929cpsba0p",1.0,"R215 OC and RAD Core End Plate2.5X110X1021",12.0,"Nos","Nos",3.0,0.0,"",0,0,9.2,"",9.2,0.766666667,"","BOM-R215 OC and RAD Core End Plate2.5X110X1021-001","Main - TPL","R215 Core End Plate For OC &amp; RAD 2.5X110X1021","Stock Adjustment - TPL",0,"",1,0,"Child Component","R215 OC and RAD Core End Plate2.5X110X1021","","","","","","","",12.0,"","",0,0,"","","",0,"","","","WIP Warehouse - TPL",0.0,0,0.766666667,"","","","","","","","","","",""
"SE-260716-003","SE-.YY.MM.DD.-.###","Manufacture","Teksons Pvt Ltd","","","Manufacture",0,"WO/260714/0027","","","","","","","","2026-07-16","9:54:31.110753",0,0,0,1,0,"BOM-R215 Bottom Flyscreen Center Plate 453X10X2-001",8.0,0.0,0.0,"WIP Warehouse - TPL","","","WIP Warehouse - TPL","","","",0.57,0.57,0.0,0.0,"","","","","","","","","No","",0.0,0.0,"","","",0,"8fmpbai128",1.0,"MS – 2MM Thk",0.568,"Kg","Kg",1.08,0.0,"",0,0,0.57,"",0.57,1.0,"","","Main - TPL","MS – 2MM Thk","Stock Adjustment - TPL",0,"",0,0,"To Group","MS – 2MM Thk","","","","","","","",0.568,"","",0,0,"","","",0,"WIP Warehouse - TPL","","","",0.0,0,1.0,"","","","","","","","","","",""
"","","","","","","","","","","","","","","","","","","","","","","","","","","","","","","","","","","","","","","","","","","","","","","","","","","","","","","8fm6aa46qc",1.0,"R215 Bottom Flyscreen Center Plate 453X10X2",8.0,"Nos","Nos",2.0,0.0,"",0,0,0.57,"",0.57,0.07125,"","BOM-R215 Bottom Flyscreen Center Plate 453X10X2-001","Main - TPL","R215 Bottom Flyscreen Center Plate 453X10X2","Stock Adjustment - TPL",0,"",1,0,"Child Component","R215 Bottom Flyscreen Center Plate 453X10X2","","","","","","","",8.0,"","",0,0,"","","",0,"","","","WIP Warehouse - TPL",0.0,0,0.07125,"","","","","","","","","","",""
"SE-260716-002","SE-.YY.MM.DD.-.###","Manufacture","Teksons Pvt Ltd","","","Manufacture",0,"WO/260714/0006","","","","","","","","2026-07-16","9:54:14.769907",0,0,0,1,0,"BOM-R215 CAC Core End Plate 5X165X941-001",4.0,0.0,0.0,"WIP Warehouse - TPL","","","WIP Warehouse - TPL","","","",8.48,8.48,0.0,0.0,"","","","","","","","","No","",0.0,0.0,"","","",0,"8ajmgqidb7",1.0,"Aluminium Sheet 5MM Thk",8.48,"Kg","Kg",17.68,0.0,"",0,0,8.48,"",8.48,1.0,"","","Main - TPL","Aluminium Sheet 5MM Thk","Stock Adjustment - TPL",0,"",0,0,"To Group","Aluminium Sheet 5MM Thk","","","","","","","",8.48,"","",0,0,"","","",0,"WIP Warehouse - TPL","","","",0.0,0,1.0,"","","","","","","","","","",""
"","","","","","","","","","","","","","","","","","","","","","","","","","","","","","","","","","","","","","","","","","","","","","","","","","","","","","","8aji3a6vg2",1.0,"R215 CAC Core End Plate 5X165X941",4.0,"Nos","Nos",5.0,0.0,"",0,0,8.48,"",8.48,2.12,"","BOM-R215 CAC Core End Plate 5X165X941-001","Main - TPL","R215 CAC Core End Plate 5X165X941","Stock Adjustment - TPL",0,"",1,0,"Child Component","R215 CAC Core End Plate 5X165X941","","","","","","","",4.0,"","",0,0,"","","",0,"","","","WIP Warehouse - TPL",0.0,0,2.12,"","","","","","","","","","",""
"SE-260716-001","SE-.YY.MM.DD.-.###","Manufacture","Teksons Pvt Ltd","","","Manufacture",0,"WO/260714/0004","","","","","","","","2026-07-16","9:53:10.806664",0,0,0,1,0,"BOM-R215 CAC Core End Plate 2.5X110X941-001",4.0,0.0,0.0,"WIP Warehouse - TPL","","","WIP Warehouse - TPL","","","",2.82,2.82,0.0,0.0,"","","","","","","","","No","",0.0,0.0,"","","",0,"7mjba7k19d",1.0,"Aluminium Sheet 2.5MM Thk Without Cladded",2.824,"Kg","Kg",12.028,0.0,"",0,0,2.82,"",2.82,1.0,"","","Main - TPL","Aluminium Sheet 2.5MM Thk Without Cladded","Stock Adjustment - TPL",0,"",0,0,"To Group","Aluminium Sheet 2.5MM Thk Without Cladded","","","","","","","",2.824,"","",0,0,"","","",0,"WIP Warehouse - TPL","","","",0.0,0,1.0,"","","","","","","","","","",""
"","","","","","","","","","","","","","","","","","","","","","","","","","","","","","","","","","","","","","","","","","","","","","","","","","","","","","","7mjt39ie1f",1.0,"R215 CAC Core End Plate 2.5X110X941",4.0,"Nos","Nos",1.0,0.0,"",0,0,2.82,"",2.82,0.705,"","BOM-R215 CAC Core End Plate 2.5X110X941-001","Main - TPL","R215 CAC Core End Plate 2.5X110X941","Stock Adjustment - TPL",0,"",1,0,"Child Component","R215 CAC Core End Plate 2.5X110X941","","","","","","","",4.0,"","",0,0,"","","",0,"","","","WIP Warehouse - TPL",0.0,0,0.705,"","","","","","","","","","",""
"SE-260714-057","SE-.YY.MM.DD.-.###","Material Transfer for Manufacture","Teksons Pvt Ltd","","","Material Transfer for Manufacture",0,"WO/260714/0044","","","","","","","","2026-07-14","9:54:25.107013",0,0,0,1,0,"BOM-OC Bottom Tank Sub Assy-001",4.0,0.0,0.0,"","","","WIP Warehouse - TPL","","","",4.0,4.0,0.0,0.0,"","","","","","","","","No","",0.0,4.0,"","","",0,"gsn7k3slee",1.0,"0261Oc-Alu-2-004",4.0,"Nos","Nos",100.0,0.0,"",1,0,4.0,"",4.0,1.0,"","","Main - TPL","Aluminium Bush 6063 Hyundai 8","Stock Adjustment - TPL",0,"",0,0,"BOF MC","Aluminium Bush 6063 Hyundai 8","","","","","","","",4.0,"","",0,0,"","","",0,"BOF Stores - TPL","","","WIP Warehouse - TPL",0.0,1,1.0,"","","","","","","","","","",""
"SE-260714-056","SE-.YY.MM.DD.-.###","Material Transfer for Manufacture","Teksons Pvt Ltd","","","Material Transfer for Manufacture",0,"WO/260714/0018","","","","","","","","2026-07-14","9:53:17.027610",0,0,0,1,0,"BOM-R215 CAC Top Tank-001",4.0,0.0,0.0,"","","","WIP Warehouse - TPL","","","",16.0,16.0,0.0,0.0,"","","","","","","","","No","",0.0,16.0,"","","",0,"g7k7kagdg5",1.0,"Helicoil Insert M10 X 1.5 X 15 Mm",16.0,"Nos","Nos",572.0,0.0,"",1,0,16.0,"",16.0,1.0,"","","Main - TPL","Helicoil Insert","Stock Adjustment - TPL",0,"",0,0,"BOF MC","Helicoil Insert M10 X 1.5 X 15 Mm","","","","","","","",16.0,"","",0,0,"","","",0,"BOF Stores - TPL","","","WIP Warehouse - TPL",0.0,1,1.0,"","","","","","","","","","",""
"SE-260714-055","SE-.YY.MM.DD.-.###","Material Transfer for Manufacture","Teksons Pvt Ltd","","","Material Transfer for Manufacture",0,"WO/260714/0045","","","","","","","","2026-07-14","9:52:20.627964",0,0,0,1,0,"BOM-R215 OC Bottom Tank-002",4.0,0.0,0.0,"","","","WIP Warehouse - TPL","","","",24.0,24.0,0.0,0.0,"","","","","","","","","No","",0.0,24.0,"","","",0,"fm4t3o402s",1.0,"Helicoil Insert M10 X 1.5 X 15 Mm",24.0,"Nos","Nos",596.0,0.0,"",1,0,24.0,"",24.0,1.0,"","","Main - TPL","Helicoil Insert","Stock Adjustment - TPL",0,"",0,0,"BOF MC","Helicoil Insert M10 X 1.5 X 15 Mm","","","","","","","",24.0,"","",0,0,"","","",0,"BOF Stores - TPL","","","WIP Warehouse - TPL",0.0,1,1.0,"","","","","","","","","","",""
"SE-260714-054","SE-.YY.MM.DD.-.###","Material Transfer for Manufacture","Teksons Pvt Ltd","","","Material Transfer for Manufacture",0,"WO/260714/0049","","","","","","","","2026-07-14","9:51:22.361316",0,0,0,1,0,"BOM-R215 OC Top Tank-002",4.0,0.0,0.0,"","","","WIP Warehouse - TPL","","","",24.0,24.0,0.0,0.0,"","","","","","","","","No","",0.0,24.0,"","","",0,"f3supqe9cm",1.0,"Helicoil Insert M10 X 1.5 X 15 Mm",24.0,"Nos","Nos",620.0,0.0,"",1,0,24.0,"",24.0,1.0,"","","Main - TPL","Helicoil Insert","Stock Adjustment - TPL",0,"",0,0,"BOF MC","Helicoil Insert M10 X 1.5 X 15 Mm","","","","","","","",24.0,"","",0,0,"","","",0,"BOF Stores - TPL","","","WIP Warehouse - TPL",0.0,1,1.0,"","","","","","","","","","",""
"SE-260714-053","SE-.YY.MM.DD.-.###","Material Transfer for Manufacture","Teksons Pvt Ltd","","","Material Transfer for Manufacture",0,"WO/260714/0059","","","","","","","","2026-07-14","9:49:04.341662",0,0,0,1,0,"BOM-Rad Bottom Tank-002",4.0,0.0,0.0,"","","","WIP Warehouse - TPL","","","",16.0,16.0,0.0,0.0,"","","","","","","","","No","",0.0,16.0,"","","",0,"doq10n427i",1.0,"Helicoil Insert M10 X 1.5 X 15 Mm",16.0,"Nos","Nos",636.0,0.0,"",1,0,16.0,"",16.0,1.0,"","","Main - TPL","Helicoil Insert","Stock Adjustment - TPL",0,"",0,0,"BOF MC","Helicoil Insert M10 X 1.5 X 15 Mm","","","","","","","",16.0,"","",0,0,"","","",0,"BOF Stores - TPL","","","WIP Warehouse - TPL",0.0,1,1.0,"","","","","","","","","","",""
"SE-260714-052","SE-.YY.MM.DD.-.###","Material Transfer for Manufacture","Teksons Pvt Ltd","","","Material Transfer for Manufacture",0,"WO/260714/0063","","","","","","","","2026-07-14","9:47:52.824385",0,0,0,1,0,"BOM-R215 RAD Top Tank Sub Assy-001",4.0,0.0,0.0,"","","","WIP Warehouse - TPL","","","",8.0,8.0,0.0,0.0,"","","","","","","","","No","",0.0,8.0,"","","",0,"d2eal1iv4d",1.0,"Filler Neck 14PSI",4.0,"Nos","Nos",19.0,0.0,"",0,0,4.0,"",4.0,1.0,"","","Main - TPL","Filler Neck 14PSI","Stock Adjustment - TPL",0,"",0,0,"To Group","Filler Neck 14PSI","","","","","","","",4.0,"","",0,0,"","","",0,"BOF Stores - TPL","","","WIP Warehouse - TPL",0.0,1,1.0,"","","","","","","","","","",""
"","","","","","","","","","","","","","","","","","","","","","","","","","","","","","","","","","","","","","","","","","","","","","","","","","","","","","","d2eb6pb8i3",1.0,"Filler Neck Over Flow Pipe",4.0,"Nos","Nos",19.0,0.0,"",0,0,4.0,"",4.0,1.0,"","","Main - TPL","Filler Neck Over Flow Pipe","Stock Adjustment - TPL",0,"",0,0,"To Group","Filler Neck Over Flow Pipe","","","","","","","",4.0,"","",0,0,"","","",0,"BOF Stores - TPL","","","WIP Warehouse - TPL",0.0,1,1.0,"","","","","","","","","","",""
"SE-260714-051","SE-.YY.MM.DD.-.###","Material Transfer for Manufacture","Teksons Pvt Ltd","","","Material Transfer for Manufacture",0,"WO/260714/0064","","","","","","","","2026-07-14","9:46:53.451982",0,0,0,1,0,"BOM-RAD Top Tank-001",4.0,0.0,0.0,"","","","WIP Warehouse - TPL","","","",16.0,16.0,0.0,0.0,"","","","","","","","","No","",0.0,16.0,"","","",0,"cfrc204olk",1.0,"Helicoil Insert M10 X 1.5 X 15 Mm",16.0,"Nos","Nos",20.0,0.0,"",1,0,16.0,"",16.0,1.0,"","","Main - TPL","Helicoil Insert","Stock Adjustment - TPL",0,"",0,0,"BOF MC","Helicoil Insert M10 X 1.5 X 15 Mm","","","","","","","",16.0,"","",0,0,"","","",0,"Raw Material Stores - TPL","","","WIP Warehouse - TPL",0.0,1,1.0,"","","","","","","","","","",""
"SE-260714-050","SE-.YY.MM.DD.-.###","Material Transfer for Manufacture","Teksons Pvt Ltd","","","Material Transfer for Manufacture",0,"WO/260714/0025","","","","","","","","2026-07-14","9:46:22.156574",0,0,0,1,0,"BOM-R215 Bottom Flyscreen Assembly-001",4.0,0.0,0.0,"","","","WIP Warehouse - TPL","","","",16.0,16.0,0.0,0.0,"","","","","","","","","No","",0.0,16.0,"","","",0,"c5vdklk8i2",1.0,"U Piece Angle-1 for Flyscreen - 910(L)*15(W)*7(T)",8.0,"Nos","Nos",68.0,0.0,"",0,0,8.0,"",8.0,1.0,"","","Main - TPL","U Piece Angle-1 910(L)*15(W)*7(T)","Stock Adjustment - TPL",0,"",0,0,"BOF Fabrication","U Piece Angle-1 for Flyscreen - 910(L)*15(W)*7(T)","","","","","","","",8.0,"","",0,0,"","","",0,"BOF Stores - TPL","","","WIP Warehouse - TPL",0.0,1,1.0,"","","","","","","","","","",""
"","","","","","","","","","","","","","","","","","","","","","","","","","","","","","","","","","","","","","","","","","","","","","","","","","","","","","","c5vqboqmu1",1.0,"U Piece Angle-2 for Flyscreen - 529(W)*15(H)*7(T)",8.0,"Nos","Nos",68.0,0.0,"",0,0,8.0,"",8.0,1.0,"","","Main - TPL","U Piece Angle-2 529(W)*15(H)*7(T)","Stock Adjustment - TPL",0,"",0,0,"BOF Fabrication","U Piece Angle-2 for Flyscreen - 529(W)*15(H)*7(T)","","","","","","","",8.0,"","",0,0,"","","",0,"BOF Stores - TPL","","","WIP Warehouse - TPL",0.0,1,1.0,"","","","","","","","","","",""
"SE-260714-049","SE-.YY.MM.DD.-.###","Material Transfer for Manufacture","Teksons Pvt Ltd","","","Material Transfer for Manufacture",0,"WO/260714/0021","","","","","","","","2026-07-14","9:45:12.933586",0,0,0,1,0,"BOM-R215 CAC Bottom Tank-001",4.0,0.0,0.0,"","","","WIP Warehouse - TPL","","","",16.0,16.0,0.0,0.0,"","","","","","","","","No","",0.0,16.0,"","","",0,"bgefqbr49e",1.0,"Helicoil Insert M10 X 1.5 X 15 Mm",16.0,"Nos","Nos",36.0,0.0,"",1,0,16.0,"",16.0,1.0,"","","Main - TPL","Helicoil Insert","Stock Adjustment - TPL",0,"",0,0,"BOF MC","Helicoil Insert M10 X 1.5 X 15 Mm","","","","","","","",16.0,"","",0,0,"","","",0,"Raw Material Stores - TPL","","","WIP Warehouse - TPL",0.0,1,1.0,"","","","","","","","","","",""
"SE-260714-048","SE-.YY.MM.DD.-.###","Material Transfer for Manufacture","Teksons Pvt Ltd","","","Material Transfer for Manufacture",0,"WO/260714/0034","","","","","","","","2026-07-14","9:44:34.464508",0,0,0,1,0,"BOM-Oil Cooler-001",4.0,0.0,0.0,"","","","WIP Warehouse - TPL","","","",8.0,8.0,0.0,0.0,"","","","","","","","","No","",0.0,8.0,"","","",0,"b461js0qqm",1.0,"Drain Plug",4.0,"Nos","Nos",38.0,0.0,"",0,0,4.0,"",4.0,1.0,"","","Main - TPL","Drain Plug","Stock Adjustment - TPL",0,"",0,0,"To Group","Drain Plug","","","","","","","",4.0,"","",0,0,"","","",0,"BOF Stores - TPL","","","WIP Warehouse - TPL",0.0,1,1.0,"","","","","","","","","","",""
"","","","","","","","","","","","","","","","","","","","","","","","","","","","","","","","","","","","","","","","","","","","","","","","","","","","","","","b46sa0inmc",1.0,"Rubber Seal",4.0,"Nos","Nos",19.0,0.0,"",0,0,4.0,"",4.0,1.0,"","","Main - TPL","Rubber Seal","Stock Adjustment - TPL",0,"",0,0,"To Group","Rubber Seal","","","","","","","",4.0,"","",0,0,"","","",0,"BOF Stores - TPL","","","WIP Warehouse - TPL",0.0,1,1.0,"","","","","","","","","","",""
"SE-260714-047","SE-.YY.MM.DD.-.###","Material Transfer for Manufacture","Teksons Pvt Ltd","","","Material Transfer for Manufacture",0,"WO/260714/0067","","","","","","","","2026-07-14","9:40:55.854549",0,0,0,1,0,"BOM-R215 Top Flyscreen Assembly-001",4.0,0.0,0.0,"","","","WIP Warehouse - TPL","","","",16.0,16.0,0.0,0.0,"","","","","","","","","No","",0.0,16.0,"","","",0,"903p9pufj2",1.0,"U Piece Angle-1 for Flyscreen - 910(L)*15(W)*7(T)",8.0,"Nos","Nos",76.0,0.0,"",0,0,8.0,"",8.0,1.0,"","","Main - TPL","U Piece Angle-1 910(L)*15(W)*7(T)","Stock Adjustment - TPL",0,"",0,0,"BOF Fabrication","U Piece Angle-1 for Flyscreen - 910(L)*15(W)*7(T)","","","","","","","",8.0,"","",0,0,"","","",0,"BOF Stores - TPL","","","WIP Warehouse - TPL",0.0,1,1.0,"","","","","","","","","","",""
"","","","","","","","","","","","","","","","","","","","","","","","","","","","","","","","","","","","","","","","","","","","","","","","","","","","","","","9034qe526v",1.0,"U Piece Angle-2 for Flyscreen - 529(W)*15(H)*7(T)",8.0,"Nos","Nos",76.0,0.0,"",0,0,8.0,"",8.0,1.0,"","","Main - TPL","U Piece Angle-2 529(W)*15(H)*7(T)","Stock Adjustment - TPL",0,"",0,0,"BOF Fabrication","U Piece Angle-2 for Flyscreen - 529(W)*15(H)*7(T)","","","","","","","",8.0,"","",0,0,"","","",0,"BOF Stores - TPL","","","WIP Warehouse - TPL",0.0,1,1.0,"","","","","","","","","","",""
"SE-260714-046","SE-.YY.MM.DD.-.###","Material Transfer for Manufacture","Teksons Pvt Ltd","","","Material Transfer for Manufacture",0,"WO/260714/0046","","","","","","","","2026-07-14","9:27:39.379968",0,0,0,1,0,"BOM-R215 OC Top & Bottom Tank 70x113x7.5x377LG-001",8.0,0.0,0.0,"","","","WIP Warehouse - TPL","","","",24.88,24.88,0.0,0.0,"","","","","","","","","No","",0.0,24.88,"","","",0,"17dd90a5t2",1.0,"Aluminium Extrusion No 0073C-ALU-2-0008 70(H)*113(W)*7.5(T)*377LG",24.88,"Kg","Kg",118.18,0.0,"",0,0,24.88,"",24.88,1.0,"","","Main - TPL","Aluminium Extrusion No 0073C-ALU-2-0008 70(H)*113(W)*7.5(T)*377LG","Stock Adjustment - TPL",0,"",0,0,"To Group","Aluminium Extrusion No 0073C-ALU-2-0008 70(H)*113(W)*7.5(T)*377LG","","","","","","","",24.88,"","",0,0,"","","",0,"BOF Stores - TPL","","","WIP Warehouse - TPL",0.0,1,1.0,"","","","","","","","","","",""
"SE-260714-045","SE-.YY.MM.DD.-.###","Material Transfer for Manufacture","Teksons Pvt Ltd","","","Material Transfer for Manufacture",0,"WO/260714/0019","","","","","","","","2026-07-14","9:26:44.456018",0,0,0,1,0,"BOM-R215 CAC Top and Bottom Tank 110x113x7.5x186LG-001",8.0,0.0,0.0,"","","","WIP Warehouse - TPL","","","",14.48,14.48,0.0,0.0,"","","","","","","","","No","",0.0,14.48,"","","",0,"0m0f29t73v",1.0,"Aluminium Extrusion No 0239C-ALU-2-0001 110(H)*113(W)*7.5(T)*186Kg",14.48,"Kg","Kg",68.78,0.0,"",0,0,14.48,"",14.48,1.0,"","","Main - TPL","Aluminium Extrusion No 0239C-ALU-2-0001 110(H)*113(W)*7.5(T)*186Kg","Stock Adjustment - TPL",0,"",0,0,"To Group","Aluminium Extrusion No 0239C-ALU-2-0001 110(H)*113(W)*7.5(T)*186Kg","","","","","","","",14.48,"","",0,0,"","","",0,"BOF Stores - TPL","","","WIP Warehouse - TPL",0.0,1,1.0,"","","","","","","","","","",""
"SE-260714-044","SE-.YY.MM.DD.-.###","Material Transfer for Manufacture","Teksons Pvt Ltd","","","Material Transfer for Manufacture",0,"WO/260714/0012","","","","","","","","2026-07-14","9:26:17.514694",0,0,0,1,0,"BOM-R215 Spacer Bar for CAC 8*10*941-001",72.0,0.0,0.0,"","","","WIP Warehouse - TPL","","","",14.83,14.83,0.0,0.0,"","","","","","","","","No","",0.0,14.83,"","","",0,"0do528qtrr",1.0,"Aluminium Spacer Bar ALU-STD-0028 (8*10)",14.832,"Kg","Kg",70.452,0.0,"",0,0,14.83,"",14.83,1.0,"","","Main - TPL","Aluminium Spacer Bar ALU-STD-0028 (8*10)","Stock Adjustment - TPL",0,"",0,0,"To Group","Aluminium Spacer Bar ALU-STD-0028 (8*10)","","","","","","","",14.832,"","",0,0,"","","",0,"BOF Stores - TPL","","","WIP Warehouse - TPL",0.0,1,1.0,"","","","","","","","","","",""
"SE-260714-043","SE-.YY.MM.DD.-.###","Material Transfer for Manufacture","Teksons Pvt Ltd","","","Material Transfer for Manufacture",0,"WO/260714/0013","","","","","","","","2026-07-14","9:26:00.018667",0,0,0,1,0,"BOM-R215 Tube Sheet For CAC 0.6*110*941-001",80.0,0.0,0.0,"","","","WIP Warehouse - TPL","","","",13.6,13.6,0.0,0.0,"","","","","","","","","No","",0.0,13.6,"","","",0,"087c44sfte",1.0,"Aluminium Coil 0.6*110MM",13.6,"Kg","Kg",195.0,0.0,"",0,0,13.6,"",13.6,1.0,"","","Main - TPL","Aluminium Coil 0.6*110MM Thk","Stock Adjustment - TPL",0,"",0,0,"To Group","Aluminium Coil 0.6*110MM","","","","","","","",13.6,"","",0,0,"","","",0,"BOF Stores - TPL","","","WIP Warehouse - TPL",0.0,1,1.0,"","","","","","","","","","",""
"SE-260714-042","SE-.YY.MM.DD.-.###","Material Transfer for Manufacture","Teksons Pvt Ltd","","","Material Transfer for Manufacture",0,"WO/260714/0017","","","","","","","","2026-07-14","9:25:40.827201",0,0,0,1,0,"BOM-CAC Inlet and Outlet Pipe-001",8.0,0.0,0.0,"","","","WIP Warehouse - TPL","","","",2.02,2.02,0.0,0.0,"","","","","","","","","No","",0.0,2.02,"","","",0,"0278n28hki",1.0,"Aluminium Pipe ⌀ 76.0*3MM Thk",2.024,"Kg","Kg",9.614,0.0,"",0,0,2.02,"",2.02,1.0,"","","Main - TPL","Aluminium Pipe ⌀ 76.0*3MM Thk","Stock Adjustment - TPL",0,"",0,0,"To Group","Aluminium Pipe ⌀ 76.0*3MM Thk","","","","","","","",2.024,"","",0,0,"","","",0,"BOF Stores - TPL","","","WIP Warehouse - TPL",0.0,1,1.0,"","","","","","","","","","",""
"SE-260714-041","SE-.YY.MM.DD.-.###","Material Transfer for Manufacture","Teksons Pvt Ltd","","","Material Transfer for Manufacture",0,"WO/260714/0040","","","","","","","","2026-07-14","9:24:53.583134",0,0,0,1,0,"BOM-R215 OC Core End Plate 5X165X1021-001",4.0,0.0,0.0,"","","","WIP Warehouse - TPL","","","",9.2,9.2,0.0,0.0,"","","","","","","","","No","",0.0,9.2,"","","",0,"vjg5ae3nis",1.0,"Aluminium Sheet 5MM Thk",9.2,"Kg","Kg",75.5,0.0,"",0,0,9.2,"",9.2,1.0,"","","Main - TPL","Aluminium Sheet 5MM Thk","Stock Adjustment - TPL",0,"",0,0,"To Group","Aluminium Sheet 5MM Thk","","","","","","","",9.2,"","",0,0,"","","",0,"BOF Stores - TPL","","","WIP Warehouse - TPL",0.0,1,1.0,"","","","","","","","","","",""
"SE-260714-040","SE-.YY.MM.DD.-.###","Material Transfer for Manufacture","Teksons Pvt Ltd","","","Material Transfer for Manufacture",0,"WO/260714/0042","","","","","","","","2026-07-14","9:24:37.199869",0,0,0,1,0,"BOM-Turbulator 0.3*250*44.5-002",104.0,0.0,0.0,"","","","WIP Warehouse - TPL","","","",1.56,1.56,0.0,0.0,"","","","","","","","","No","",0.0,1.56,"","","",0,"vedflals7n",1.0,"Aluminium Coil 0.3×250MM",1.56,"Kg","Kg",405.21,0.0,"",0,0,1.56,"",1.56,1.0,"","","Main - TPL","Aluminium Coil 0.3×250MM","Stock Adjustment - TPL",0,"",0,0,"To Group","Aluminium Coil 0.3×250MM","","","","","","","",1.56,"","",0,0,"","","",0,"BOF Stores - TPL","","","WIP Warehouse - TPL",0.0,1,1.0,"","","","","","","","","","",""
"SE-260714-039","SE-.YY.MM.DD.-.###","Material Transfer for Manufacture","Teksons Pvt Ltd","","","Material Transfer for Manufacture",0,"WO/260714/0041","","","","","","","","2026-07-14","9:24:22.992186",0,0,0,1,0,"BOM-Tube Sheet for OC 0.7*110*1021-001",216.0,0.0,0.0,"","","","WIP Warehouse - TPL","","","",46.44,46.44,0.0,0.0,"","","","","","","","","No","",0.0,46.44,"","","",0,"v9tbkkilc7",1.0,"Aluminium Coil 0.7*110",46.44,"Kg","Kg",219.51,0.0,"",0,0,46.44,"",46.44,1.0,"","","Main - TPL","Aluminium Coil 0.7*110","Stock Adjustment - TPL",0,"",0,0,"To Group","Aluminium Coil 0.7*110","","","","","","","",46.44,"","",0,0,"","","",0,"BOF Stores - TPL","","","WIP Warehouse - TPL",0.0,1,1.0,"","","","","","","","","","",""
"SE-260714-038","SE-.YY.MM.DD.-.###","Material Transfer for Manufacture","Teksons Pvt Ltd","","","Material Transfer for Manufacture",0,"WO/260714/0043","","","","","","","","2026-07-14","9:24:04.506089",0,0,0,1,0,"BOM-Turbulator 0.3*300*44.5-001",624.0,0.0,0.0,"","","","WIP Warehouse - TPL","","","",11.23,11.23,0.0,0.0,"","","","","","","","","No","",0.0,11.23,"","","",0,"v3fonejnn3",1.0,"Aluminium Coil 0.3×300MM",11.232,"Kg","Kg",249.912,0.0,"",0,0,11.23,"",11.23,1.0,"","","Main - TPL","Aluminium Coil 0.3×300MM","Stock Adjustment - TPL",0,"",0,0,"To Group","Aluminium Coil 0.3×300MM","","","","","","","",11.232,"","",0,0,"","","",0,"BOF Stores - TPL","","","WIP Warehouse - TPL",0.0,1,1.0,"","","","","","","","","","",""
"SE-260714-037","SE-.YY.MM.DD.-.###","Material Transfer for Manufacture","Teksons Pvt Ltd","","","Material Transfer for Manufacture",0,"WO/260714/0047","","","","","","","","2026-07-14","9:23:42.674183",0,0,0,1,0,"BOM-Tank End Plate For Extrusion No 0073C-ALU-2-0008-001",16.0,0.0,0.0,"","","","WIP Warehouse - TPL","","","",2.17,2.17,0.0,0.0,"","","","","","","","","No","",0.0,2.17,"","","",0,"ut75thadri",1.0,"Aluminium Plate 70*8*800MM",2.174,"Kg","Kg",96.071,0.0,"",0,0,2.17,"",2.17,1.0,"","","Main - TPL","Aluminium Plate 70*8*800MM","Stock Adjustment - TPL",0,"",0,0,"To Group","Aluminium Plate 70*8*800MM","","","","","","","",2.174,"","",0,0,"","","",0,"BOF Stores - TPL","","","WIP Warehouse - TPL",0.0,1,1.0,"","","","","","","","","","",""
"SE-260714-036","SE-.YY.MM.DD.-.###","Material Transfer for Manufacture","Teksons Pvt Ltd","","","Material Transfer for Manufacture",0,"WO/260714/0050","","","","","","","","2026-07-14","9:23:03.519783",0,0,0,1,0,"BOM-OC Inlet & Outlet Block 101X66X30-001",8.0,0.0,0.0,"","","","WIP Warehouse - TPL","","","",35.9,35.9,0.0,0.0,"","","","","","","","","No","",0.0,35.9,"","","",0,"u9sumh6jps",1.0,"Aluminium Extrusion No 398C-ALU-2-0027 ( 101*66*33 )",3.896,"Kg","Kg",99.026,0.0,"",0,0,3.9,"",3.9,1.0,"","","Main - TPL","Aluminium Extrusion No 398C-ALU-2-0027 ( 101*66*33 )","Stock Adjustment - TPL",0,"",0,0,"To Group","Aluminium Extrusion No 398C-ALU-2-0027 ( 101*66*33 )","","","","","","","",3.896,"","",0,0,"","","",0,"Raw Material Stores - TPL","","","WIP Warehouse - TPL",0.0,1,1.0,"","","","","","","","","","",""
"","","","","","","","","","","","","","","","","","","","","","","","","","","","","","","","","","","","","","","","","","","","","","","","","","","","","","","u9s1740a5c",1.0,"Helicoil Insert M10 X 1.5 X 15 Mm",32.0,"Nos","Nos",68.0,0.0,"",1,0,32.0,"",32.0,1.0,"","","Main - TPL","Helicoil Insert","Stock Adjustment - TPL",0,"",0,0,"BOF MC","Helicoil Insert M10 X 1.5 X 15 Mm","","","","","","","",32.0,"","",0,0,"","","",0,"Raw Material Stores - TPL","","","WIP Warehouse - TPL",0.0,1,1.0,"","","","","","","","","","",""
"SE-260714-035","SE-.YY.MM.DD.-.###","Material Transfer for Manufacture","Teksons Pvt Ltd","","","Material Transfer for Manufacture",0,"WO/260714/0054","","","","","","","","2026-07-14","9:22:15.667658",0,0,0,1,0,"BOM-R215 Fin For RAD 0.2*110*991-001",76.0,0.0,0.0,"","","","WIP Warehouse - TPL","","","",17.56,17.56,0.0,0.0,"","","","","","","","","No","",0.0,17.56,"","","",0,"u269qoinio",1.0,"Aluminium Coil 0.2*110",17.556,"Kg","Kg",102.741,0.0,"",0,0,17.56,"",17.56,1.0,"","","Main - TPL","Aluminium Coil 0.2*110","Stock Adjustment - TPL",0,"",0,0,"To Group","Aluminium Coil 0.2*110","","","","","","","",17.556,"","",0,0,"","","",0,"BOF Stores - TPL","","","WIP Warehouse - TPL",0.0,1,1.0,"","","","","","","","","","",""
"SE-260714-034","SE-.YY.MM.DD.-.###","Material Transfer for Manufacture","Teksons Pvt Ltd","","","Material Transfer for Manufacture",0,"WO/260714/0055","","","","","","","","2026-07-14","9:21:56.895048",0,0,0,1,0,"BOM-Tube sheet for RAD 0.6*110*1021-001",200.0,0.0,0.0,"","","","WIP Warehouse - TPL","","","",36.8,36.8,0.0,0.0,"","","","","","","","","No","",0.0,36.8,"","","",0,"ts9lmhf2l7",1.0,"Aluminium Coil 0.6*110MM",36.8,"Kg","Kg",231.8,0.0,"",0,0,36.8,"",36.8,1.0,"","","Main - TPL","Aluminium Coil 0.6*110MM Thk","Stock Adjustment - TPL",0,"",0,0,"To Group","Aluminium Coil 0.6*110MM","","","","","","","",36.8,"","",0,0,"","","",0,"BOF Stores - TPL","","","WIP Warehouse - TPL",0.0,1,1.0,"","","","","","","","","","",""
"SE-260714-033","SE-.YY.MM.DD.-.###","Material Transfer for Manufacture","Teksons Pvt Ltd","","","Material Transfer for Manufacture",0,"WO/260714/0056","","","","","","","","2026-07-14","9:21:34.018022",0,0,0,1,0,"BOM-Turbulator 0.2*250*96.0-001",48.0,0.0,0.0,"","","","WIP Warehouse - TPL","","","",1.15,1.15,0.0,0.0,"","","","","","","","","No","",0.0,1.15,"","","",0,"tl4pibvo29",1.0,"Aluminium Coil 0.2×250 Thk",1.152,"Kg","Kg",5.472,0.0,"",0,0,1.15,"",1.15,1.0,"","","Main - TPL","Aluminium Coil 0.2×250 Thk","Stock Adjustment - TPL",0,"",0,0,"To Group","Aluminium Coil 0.2×250 Thk","","","","","","","",1.152,"","",0,0,"","","",0,"BOF Stores - TPL","","","WIP Warehouse - TPL",0.0,1,1.0,"","","","","","","","","","",""
"SE-260714-032","SE-.YY.MM.DD.-.###","Material Transfer for Manufacture","Teksons Pvt Ltd","","","Material Transfer for Manufacture",0,"WO/260714/0057","","","","","","","","2026-07-14","9:21:00.372247",0,0,0,1,0,"BOM-Turbulator 0.2*300*96.0-001",288.0,0.0,0.0,"","","","WIP Warehouse - TPL","","","",8.35,8.35,0.0,0.0,"","","","","","","","","No","",0.0,8.35,"","","",0,"t08i6829lj",1.0,"Aluminium Coil 0.2×300",8.352,"Kg","Kg",39.672,0.0,"",0,0,8.35,"",8.35,1.0,"","","Main - TPL","Aluminium Coil 0.2×300","Stock Adjustment - TPL",0,"",0,0,"To Group","Aluminium Coil 0.2×300","","","","","","","",8.352,"","",0,0,"","","",0,"BOF Stores - TPL","","","WIP Warehouse - TPL",0.0,1,1.0,"","","","","","","","","","",""
"SE-260714-031","SE-.YY.MM.DD.-.###","Material Transfer for Manufacture","Teksons Pvt Ltd","","","Material Transfer for Manufacture",0,"WO/260714/0060","","","","","","","","2026-07-14","9:17:43.665398",0,0,0,1,0,"BOM-R215 RAD Top and Bottom Tank-001",8.0,0.0,0.0,"","","","WIP Warehouse - TPL","","","",19.6,19.6,0.0,0.0,"","","","","","","","","No","",0.0,19.6,"","","",0,"rcu3tk0jc7",1.0,"Aluminium Extrusion No 0253OC-ALU-2-0005 70(H)*113(W)*7.5(T)*345LG",19.6,"Kg","Kg",93.1,0.0,"",0,0,19.6,"",19.6,1.0,"","","Main - TPL","Aluminium Extrusion No 0253OC-ALU-2-0005 70(H)*113(W)*7.5(T)*345LG","Stock Adjustment - TPL",0,"",0,0,"To Group","Aluminium Extrusion No 0253OC-ALU-2-0005 70(H)*113(W)*7.5(T)*345LG","","","","","","","",19.6,"","",0,0,"","","",0,"BOF Stores - TPL","","","WIP Warehouse - TPL",0.0,1,1.0,"","","","","","","","","","",""
"SE-260714-030","SE-.YY.MM.DD.-.###","Material Transfer for Manufacture","Teksons Pvt Ltd","","","Material Transfer for Manufacture",0,"WO/260714/0061","","","","","","","","2026-07-14","9:17:14.510372",0,0,0,1,0,"BOM-RAD Inlet and Outlet Pipe-001",8.0,0.0,0.0,"","","","WIP Warehouse - TPL","","","",1.44,1.44,0.0,0.0,"","","","","","","","","No","",0.0,1.44,"","","",0,"r3u4etsrd4",1.0,"Aluminium Pipe 48.6*5MM Thk",1.44,"Kg","Kg",6.88,0.0,"",0,0,1.44,"",1.44,1.0,"","","Main - TPL","Aluminium Pipe 48.6*5MM Thk","Stock Adjustment - TPL",0,"",0,0,"To Group","Aluminium Pipe 48.6*5MM Thk","","","","","","","",1.44,"","",0,0,"","","",0,"BOF Stores - TPL","","","WIP Warehouse - TPL",0.0,1,1.0,"","","","","","","","","","",""
"SE-260714-029","SE-.YY.MM.DD.-.###","Material Transfer for Manufacture","Teksons Pvt Ltd","","","Material Transfer for Manufacture",0,"WO/260714/0065","","","","","","","","2026-07-14","9:16:34.255686",0,0,0,1,0,"BOM-Radiator Drain Pipe-001",4.0,0.0,0.0,"","","","WIP Warehouse - TPL","","","",0.01,0.01,0.0,0.0,"","","","","","","","","No","",0.0,0.01,"","","",0,"qncaj1a60s",1.0,"Aluminium Pipe OD⌀10*ID⌀6*17L",0.009,"Kg","Kg",0.038,0.0,"",0,0,0.01,"",0.01,1.0,"","","Main - TPL","Aluminium Pipe OD⌀10*ID⌀6*17L","Stock Adjustment - TPL",0,"",0,0,"To Group","Aluminium Pipe OD⌀10*ID⌀6*17L","","","","","","","",0.009,"","",0,0,"","","",0,"BOF Stores - TPL","","","WIP Warehouse - TPL",0.0,1,1.0,"","","","","","","","","","",""
"SE-260714-028","SE-.YY.MM.DD.-.###","Material Transfer for Manufacture","Teksons Pvt Ltd","","","Material Transfer for Manufacture",0,"WO/260714/0066","","","","","","","","2026-07-14","9:16:01.311622",0,0,0,1,0,"BOM-R215 Top Cover Assembly-001",4.0,0.0,0.0,"","","","WIP Warehouse - TPL","","","",4.0,4.0,0.0,0.0,"","","","","","","","","No","",0.0,4.0,"","","",0,"qd3l4hvpok",1.0,"R215 Top Cover Assembly",4.0,"Nos","Nos",19.0,0.0,"",0,0,4.0,"",4.0,1.0,"","","Main - TPL","R215 Top Cover Assy","Stock Adjustment - TPL",0,"",0,0,"BOF Fabrication","R215 Top Cover Assembly","","","","","","","",4.0,"","",0,0,"","","",0,"BOF Stores - TPL","","","WIP Warehouse - TPL",0.0,1,1.0,"","","","","","","","","","",""
"SE-260714-027","SE-.YY.MM.DD.-.###","Material Transfer for Manufacture","Teksons Pvt Ltd","","","Material Transfer for Manufacture",0,"WO/260714/0068","","","","","","","","2026-07-14","9:15:28.046320",0,0,0,1,0,"BOM-R215 Top Flyscreen Wire Mash 903X554-001",4.0,0.0,0.0,"","","","WIP Warehouse - TPL","","","",1.32,1.32,0.0,0.0,"","","","","","","","","No","",0.0,1.32,"","","",0,"q2mu3juif2",1.0,"MS",1.32,"Kg","Kg",11.46,0.0,"",0,0,1.32,"",1.32,1.0,"","","Main - TPL","MS","Stock Adjustment - TPL",0,"",0,0,"To Group","MS","","","","","","","",1.32,"","",0,0,"","","",0,"BOF Stores - TPL","","","WIP Warehouse - TPL",0.0,1,1.0,"","","","","","","","","","",""
"SE-260714-026","SE-.YY.MM.DD.-.###","Material Transfer for Manufacture","Teksons Pvt Ltd","","","Material Transfer for Manufacture",0,"WO/260714/0069","","","","","","","","2026-07-14","9:13:30.219752",0,0,0,1,0,"BOM-R215 Top Flyscreen Covering Plate 910X30X1-001",4.0,0.0,0.0,"","","","WIP Warehouse - TPL","","","",0.86,0.86,0.0,0.0,"","","","","","","","","No","",0.0,0.86,"","","",0,"otv7h9krvg",1.0,"MS – 1 MM Thk",0.856,"Kg","Kg",3.966,0.0,"",0,0,0.86,"",0.86,1.0,"","","Main - TPL","MS – 1 MM Thk","Stock Adjustment - TPL",0,"",0,0,"To Group","MS – 1 MM Thk","","","","","","","",0.856,"","",0,0,"","","",0,"BOF Stores - TPL","","","WIP Warehouse - TPL",0.0,1,1.0,"","","","","","","","","","",""
"SE-260714-025","SE-.YY.MM.DD.-.###","Material Transfer for Manufacture","Teksons Pvt Ltd","","","Material Transfer for Manufacture",0,"WO/260714/0070","","","","","","","","2026-07-14","9:13:05.025920",0,0,0,1,0,"BOM-Nut Cover for Condenser Mounting 43*30.3*1-001",8.0,0.0,0.0,"","","","WIP Warehouse - TPL","","","",0.08,0.08,0.0,0.0,"","","","","","","","","No","",0.0,0.08,"","","",0,"om183hu3pv",1.0,"MS – 1 MM Thk",0.08,"Kg","Kg",4.046,0.0,"",0,0,0.08,"",0.08,1.0,"","","Main - TPL","MS – 1 MM Thk","Stock Adjustment - TPL",0,"",0,0,"To Group","MS – 1 MM Thk","","","","","","","",0.08,"","",0,0,"","","",0,"BOF Stores - TPL","","","WIP Warehouse - TPL",0.0,1,1.0,"","","","","","","","","","",""
"SE-260714-024","SE-.YY.MM.DD.-.###","Material Transfer for Manufacture","Teksons Pvt Ltd","","","Material Transfer for Manufacture",0,"WO/260714/0022","","","","","","","","2026-07-14","9:12:40.674376",0,0,0,1,0,"BOM-Stay Block-001",8.0,0.0,0.0,"","","","WIP Warehouse - TPL","","","",12.1,12.1,0.0,0.0,"","","","","","","","","No","",0.0,12.1,"","","",0,"oecdursgtc",1.0,"Aluminium Extrusion No 0.0318C-ALU-2-0034 (50*25*150)",4.096,"Kg","Kg",16.896,0.0,"",0,0,4.1,"",4.1,1.0,"","","Main - TPL","Aluminium Extrusion No 0.0318C-ALU-2-0034 (50*25*150)","Stock Adjustment - TPL",0,"",0,0,"To Group","Aluminium Extrusion No 0.0318C-ALU-2-0034 (50*25*150)","","","","","","","",4.096,"","",0,0,"","","",0,"BOF Stores - TPL","","","WIP Warehouse - TPL",0.0,1,1.0,"","","","","","","","","","",""
"","","","","","","","","","","","","","","","","","","","","","","","","","","","","","","","","","","","","","","","","","","","","","","","","","","","","","","oec75s69q1",1.0,"Helicoil Insert M 12 X 1.75 X 18Mm",8.0,"Nos","Nos",96.0,0.0,"",1,0,8.0,"",8.0,1.0,"","","Main - TPL","Helicoil Insert M 12 X 1.75 X 18Mm","Stock Adjustment - TPL",0,"",0,0,"BOF MC","Helicoil Insert M 12 X 1.75 X 18Mm","","","","","","","",8.0,"","",0,0,"","","",0,"Raw Material Stores - TPL","","","WIP Warehouse - TPL",0.0,1,1.0,"","","","","","","","","","",""
"SE-260714-023","SE-.YY.MM.DD.-.###","Material Transfer for Manufacture","Teksons Pvt Ltd","","","Material Transfer for Manufacture",0,"WO/260714/0024","","","","","","","","2026-07-14","9:12:13.892733",0,0,0,1,0,"BOM-R215 Bottom Cover Assembly-001",4.0,0.0,0.0,"","","","WIP Warehouse - TPL","","","",4.0,4.0,0.0,0.0,"","","","","","","","","No","",0.0,4.0,"","","",0,"o5v8ua21km",1.0,"R215 Bottom Cover Assembly",4.0,"Nos","Nos",19.0,0.0,"",0,0,4.0,"",4.0,1.0,"","","Main - TPL","R215 Bottom Cover Assy","Stock Adjustment - TPL",0,"",0,0,"BOF Fabrication","R215 Bottom Cover Assembly","","","","","","","",4.0,"","",0,0,"","","",0,"BOF Stores - TPL","","","WIP Warehouse - TPL",0.0,1,1.0,"","","","","","","","","","",""
"SE-260714-022","SE-.YY.MM.DD.-.###","Material Transfer for Manufacture","Teksons Pvt Ltd","","","Material Transfer for Manufacture",0,"WO/260714/0023","","","","","","","","2026-07-14","9:11:03.986157",0,0,0,1,0,"BOM-Condenser Mounting Block-001",16.0,0.0,0.0,"","","","WIP Warehouse - TPL","","","",22.29,22.29,0.0,0.0,"","","","","","","","","No","",0.0,22.29,"","","",0,"n5rfipg4t0",1.0,"Aluminium Extrusion No 0.0318C-ALU-2-0033 (31*19*25)",6.288,"Kg","Kg",8.428,0.0,"",0,0,6.29,"",6.29,1.0,"","","Main - TPL","Aluminium Extrusion No 0.0318C-ALU-2-0033 (31*19*25)","Stock Adjustment - TPL",0,"",0,0,"To Group","Aluminium Extrusion No 0.0318C-ALU-2-0033 (31*19*25)","","","","","","","",6.288,"","",0,0,"","","",0,"Raw Material Stores - TPL","","","WIP Warehouse - TPL",0.0,1,1.0,"","","","","","","","","","",""
"","","","","","","","","","","","","","","","","","","","","","","","","","","","","","","","","","","","","","","","","","","","","","","","","","","","","","","n5rd9sqr0u",1.0,"Helicoil Insert M8 X 1.25 X 16Mm (2 D)",16.0,"Nos","Nos",636.0,0.0,"",1,0,16.0,"",16.0,1.0,"","","Main - TPL","Helicoil Insert M8 X 1.25 X 16Mm (2 D)","Stock Adjustment - TPL",0,"",0,0,"BOF MC","Helicoil Insert M8 X 1.25 X 16Mm (2 D)","","","","","","","",16.0,"","",0,0,"","","",0,"BOF Stores - TPL","","","WIP Warehouse - TPL",0.0,1,1.0,"","","","","","","","","","",""
"SE-260714-021","SE-.YY.MM.DD.-.###","Material Transfer for Manufacture","Teksons Pvt Ltd","","","Material Transfer for Manufacture",0,"WO/260714/0026","","","","","","","","2026-07-14","9:09:54.896796",0,0,0,1,0,"BOM-R215 Bottom Flyscreen Wire Mash 903X475-001",4.0,0.0,0.0,"","","","WIP Warehouse - TPL","","","",1.13,1.13,0.0,0.0,"","","","","","","","","No","",0.0,1.13,"","","",0,"mqgbfps1d7",1.0,"MS",1.128,"Kg","Kg",12.588,0.0,"",0,0,1.13,"",1.13,1.0,"","","Main - TPL","MS","Stock Adjustment - TPL",0,"",0,0,"To Group","MS","","","","","","","",1.128,"","",0,0,"","","",0,"BOF Stores - TPL","","","WIP Warehouse - TPL",0.0,1,1.0,"","","","","","","","","","",""
"SE-260714-020","SE-.YY.MM.DD.-.###","Material Transfer for Manufacture","Teksons Pvt Ltd","","","Material Transfer for Manufacture",0,"WO/260714/0027","","","","","","","","2026-07-14","9:09:30.397551",0,0,0,1,0,"BOM-R215 Bottom Flyscreen Center Plate 453X10X2-001",8.0,0.0,0.0,"","","","WIP Warehouse - TPL","","","",0.57,0.57,0.0,0.0,"","","","","","","","","No","",0.0,0.57,"","","",0,"mipb3k21ps",1.0,"MS – 2MM Thk",0.568,"Kg","Kg",4.618,0.0,"",0,0,0.57,"",0.57,1.0,"","","Main - TPL","MS – 2MM Thk","Stock Adjustment - TPL",0,"",0,0,"To Group","MS – 2MM Thk","","","","","","","",0.568,"","",0,0,"","","",0,"BOF Stores - TPL","","","WIP Warehouse - TPL",0.0,1,1.0,"","","","","","","","","","",""
"SE-260714-019","SE-.YY.MM.DD.-.###","Material Transfer for Manufacture","Teksons Pvt Ltd","","","Material Transfer for Manufacture",0,"WO/260714/0028","","","","","","","","2026-07-14","8:54:42.406259",0,0,0,1,0,"BOM-R215 Top and Bottom Flyscreen Mounting Plate 35X30X2-001",32.0,0.0,0.0,"","","","WIP Warehouse - TPL","","","",0.51,0.51,0.0,0.0,"","","","","","","","","No","",0.0,0.51,"","","",0,"dru8cc4ipc",1.0,"MS – 2MM Thk",0.512,"Kg","Kg",5.13,0.0,"",0,0,0.51,"",0.51,1.0,"","","Main - TPL","MS – 2MM Thk","Stock Adjustment - TPL",0,"",0,0,"To Group","MS – 2MM Thk","","","","","","","",0.512,"","",0,0,"","","",0,"BOF Stores - TPL","","","WIP Warehouse - TPL",0.0,1,1.0,"","","","","","","","","","",""
"SE-260714-018","SE-.YY.MM.DD.-.###","Material Transfer for Manufacture","Teksons Pvt Ltd","","","Material Transfer for Manufacture",0,"WO/260714/0029","","","","","","","","2026-07-14","8:53:34.866137",0,0,0,1,0,"BOM-Cage For M8 Sq Nut 182X50X0.5-001",32.0,0.0,0.0,"","","","WIP Warehouse - TPL","","","",33.15,33.15,0.0,0.0,"","","","","","","","","No","",0.0,33.15,"","","",0,"d7nrs6t8pb",1.0,"GI – 0.5MM Thk",1.152,"Kg","Kg",9.712,0.0,"",0,0,1.15,"",1.15,1.0,"","","Main - TPL","GI – 0.5MM Thk","Stock Adjustment - TPL",0,"",0,0,"To Group","GI – 0.5MM Thk","","","","","","","",1.152,"","",0,0,"","","",0,"Raw Material Stores - TPL","","","WIP Warehouse - TPL",0.0,1,1.0,"","","","","","","","","","",""
"","","","","","","","","","","","","","","","","","","","","","","","","","","","","","","","","","","","","","","","","","","","","","","","","","","","","","","d7nu56m26f",1.0,"SQ Nut M8*1.25P",32.0,"Nos","Nos",92.0,0.0,"",0,0,32.0,"",32.0,1.0,"","","Main - TPL","SQ Nut M8*1.25P","Stock Adjustment - TPL",0,"",0,0,"To Group","SQ Nut M8*1.25P","","","","","","","",32.0,"","",0,0,"","","",0,"BOF Stores - TPL","","","WIP Warehouse - TPL",0.0,1,1.0,"","","","","","","","","","",""
"SE-260714-017","SE-.YY.MM.DD.-.###","Material Transfer for Manufacture","Teksons Pvt Ltd","","","Material Transfer for Manufacture",0,"WO/260714/0030","","","","","","","","2026-07-14","8:52:20.163555",0,0,0,1,0,"BOM-Fan Cowl-001",4.0,0.0,0.0,"","","","WIP Warehouse - TPL","","","",4.0,4.0,0.0,0.0,"","","","","","","","","No","",0.0,4.0,"","","",0,"cg6930q7f5",1.0,"R215 Fan Cowl",4.0,"Nos","Nos",19.0,0.0,"",0,0,4.0,"",4.0,1.0,"","","Main - TPL","Fan Cowl","Stock Adjustment - TPL",0,"",0,0,"Sub Assembly","R215 Fan Cowl","","","","","","","",4.0,"","",0,0,"","","",0,"BOF Stores - TPL","","","WIP Warehouse - TPL",0.0,1,1.0,"","","","","","","","","","",""
"SE-260714-016","SE-.YY.MM.DD.-.###","Material Transfer for Manufacture","Teksons Pvt Ltd","","","Material Transfer for Manufacture",0,"WO/260714/0029","","","","","","","","2026-07-14","8:46:28.972987",0,0,0,1,0,"BOM-Cage For M8 Sq Nut 182X50X0.5-001",32.0,0.0,0.0,"","","","WIP Warehouse - TPL","","","",33.15,33.15,0.0,0.0,"","","","","","","","","No","",0.0,33.15,"","","",0,"941ocnlvdq",1.0,"GI – 0.5MM Thk",1.152,"Kg","Kg",0.0,0.0,"",0,0,1.15,"",1.15,1.0,"","","Main - TPL","GI – 0.5MM Thk","Stock Adjustment - TPL",0,"",0,0,"To Group","GI – 0.5MM Thk","","","","","","","",1.152,"","",0,0,"","","",0,"BOF Stores - TPL","","","WIP Warehouse - TPL",0.0,1,1.0,"","","","","","","","","","",""
"","","","","","","","","","","","","","","","","","","","","","","","","","","","","","","","","","","","","","","","","","","","","","","","","","","","","","","94176uj5lf",1.0,"SQ Nut M8*1.25P",32.0,"Nos","Nos",92.0,0.0,"",0,0,32.0,"",32.0,1.0,"","","Main - TPL","SQ Nut M8*1.25P","Stock Adjustment - TPL",0,"",0,0,"To Group","SQ Nut M8*1.25P","","","","","","","",32.0,"","",0,0,"","","",0,"BOF Stores - TPL","","","WIP Warehouse - TPL",0.0,1,1.0,"","","","","","","","","","",""
"SE-260714-015","SE-.YY.MM.DD.-.###","Material Transfer for Manufacture","Teksons Pvt Ltd","","","Material Transfer for Manufacture",0,"WO/260714/0031","","","","","","","","2026-07-14","8:46:14.235540",0,0,0,1,0,"BOM-LH – RH Condenser MTG BKT-001",4.0,0.0,0.0,"","","","WIP Warehouse - TPL","","","",4.0,4.0,0.0,0.0,"","","","","","","","","No","",0.0,4.0,"","","",0,"8uptabtc9o",1.0,"R215 LH – RH Condenser MTG BKT",4.0,"Set","Set",99.0,0.0,"",0,0,4.0,"",4.0,1.0,"","","Main - TPL","LH – RH Condenser MTG BKT","Stock Adjustment - TPL",0,"",0,0,"To Group","R215 LH – RH Condenser MTG BKT","","","","","","","",4.0,"","",0,0,"","","",0,"BOF Stores - TPL","","","WIP Warehouse - TPL",0.0,1,1.0,"","","","","","","","","","",""
"SE-260714-014","SE-.YY.MM.DD.-.###","Material Transfer for Manufacture","Teksons Pvt Ltd","","","Material Transfer for Manufacture",0,"WO/260714/0032","","","","","","","","2026-07-14","8:45:42.806904",0,0,0,1,0,"BOM-MS Plate-2-001",4.0,0.0,0.0,"","","","WIP Warehouse - TPL","","","",4.15,4.15,0.0,0.0,"","","","","","","","","No","",0.0,4.15,"","","",0,"8kt2njkuo9",1.0,"MS – 1.5 MM Thk",0.148,"Kg","Kg",0.703,0.0,"",0,0,0.15,"",0.15,1.0,"","","Main - TPL","MS – 1.5 MM Thk","Stock Adjustment - TPL",0,"",0,0,"To Group","MS – 1.5 MM Thk","","","","","","","",0.148,"","",0,0,"","","",0,"BOF Stores - TPL","","","WIP Warehouse - TPL",0.0,1,1.0,"","","","","","","","","","",""
"","","","","","","","","","","","","","","","","","","","","","","","","","","","","","","","","","","","","","","","","","","","","","","","","","","","","","","8kth2m3068",1.0,"HEX Nut M8*1.25P",4.0,"Nos","Nos",34.0,0.0,"",0,0,4.0,"",4.0,1.0,"","","Main - TPL","HEX Nut M8*1.25P","Stock Adjustment - TPL",0,"",0,0,"To Group","HEX Nut M8*1.25P","","","","","","","",4.0,"","",0,0,"","","",0,"BOF Stores - TPL","","","WIP Warehouse - TPL",0.0,1,1.0,"","","","","","","","","","",""
"SE-260714-013","SE-.YY.MM.DD.-.###","Material Transfer for Manufacture","Teksons Pvt Ltd","","","Material Transfer for Manufacture",0,"WO/260714/0033","","","","","","","","2026-07-14","8:45:29.319810",0,0,0,1,0,"BOM-MS Plate-1-001",4.0,0.0,0.0,"","","","WIP Warehouse - TPL","","","",4.1,4.1,0.0,0.0,"","","","","","","","","No","",0.0,4.1,"","","",0,"8ghdivjbd3",1.0,"MS – 1.5MM Thk",0.104,"Kg","Kg",0.494,0.0,"",0,0,0.1,"",0.1,1.0,"","","Main - TPL","MS – 1.5MM Thk","Stock Adjustment - TPL",0,"",0,0,"To Group","MS – 1.5MM Thk","","","","","","","",0.104,"","",0,0,"","","",0,"BOF Stores - TPL","","","WIP Warehouse - TPL",0.0,1,1.0,"","","","","","","","","","",""
"","","","","","","","","","","","","","","","","","","","","","","","","","","","","","","","","","","","","","","","","","","","","","","","","","","","","","","8ghd8re428",1.0,"HEX Nut M8*1.25P",4.0,"Nos","Nos",38.0,0.0,"",0,0,4.0,"",4.0,1.0,"","","Main - TPL","HEX Nut M8*1.25P","Stock Adjustment - TPL",0,"",0,0,"To Group","HEX Nut M8*1.25P","","","","","","","",4.0,"","",0,0,"","","",0,"BOF Stores - TPL","","","WIP Warehouse - TPL",0.0,1,1.0,"","","","","","","","","","",""
"SE-260714-012","SE-.YY.MM.DD.-.###","Material Transfer for Manufacture","Teksons Pvt Ltd","","","Material Transfer for Manufacture",0,"WO/260714/0036","","","","","","","","2026-07-14","8:43:41.735065",0,0,0,1,0,"BOM-R215 OC and RAD Core End Plate2.5X110X1021-001",12.0,0.0,0.0,"","","","WIP Warehouse - TPL","","","",9.2,9.2,0.0,0.0,"","","","","","","","","No","",0.0,9.2,"","","",0,"7f1ovfqgmt",1.0,"Aluminium Sheet 2.5MM Thk Without Cladded",9.204,"Kg","Kg",41.549,0.0,"",0,0,9.2,"",9.2,1.0,"","","Main - TPL","Aluminium Sheet 2.5MM Thk Without Cladded","Stock Adjustment - TPL",0,"",0,0,"To Group","Aluminium Sheet 2.5MM Thk Without Cladded","","","","","","","",9.204,"","",0,0,"","","",0,"BOF Stores - TPL","","","WIP Warehouse - TPL",0.0,1,1.0,"","","","","","","","","","",""
"SE-260714-011","SE-.YY.MM.DD.-.###","Material Transfer for Manufacture","Teksons Pvt Ltd","","","Material Transfer for Manufacture",0,"WO/260714/0037","","","","","","","","2026-07-14","8:43:21.262952",0,0,0,1,0,"BOM-Extruded Bar for OC and RAD 3*7*1021-001",504.0,0.0,0.0,"","","","WIP Warehouse - TPL","","","",29.74,29.74,0.0,0.0,"","","","","","","","","No","",0.0,29.74,"","","",0,"78lbau906s",1.0,"Aluminium Extruded Bar (ALU-STD-0043)(3*7)",29.736,"Kg","Kg",141.246,0.0,"",0,0,29.74,"",29.74,1.0,"","","Main - TPL","Aluminium Extruded Bar (ALU-STD-0043)(3*7)","Stock Adjustment - TPL",0,"",0,0,"To Group","Aluminium Extruded Bar (ALU-STD-0043)(3*7)","","","","","","","",29.736,"","",0,0,"","","",0,"BOF Stores - TPL","","","WIP Warehouse - TPL",0.0,1,1.0,"","","","","","","","","","",""
"SE-260714-010","SE-.YY.MM.DD.-.###","Material Transfer for Manufacture","Teksons Pvt Ltd","","","Material Transfer for Manufacture",0,"WO/260714/0038","","","","","","","","2026-07-14","8:42:57.128309",0,0,0,1,0,"BOM-R215 Fin For OC 0.3*110*991-001",132.0,0.0,0.0,"","","","WIP Warehouse - TPL","","","",46.2,46.2,0.0,0.0,"","","","","","","","","No","",0.0,46.2,"","","",0,"710v9e8t9g",1.0,"Aluminium Coil 0.3*110MM",46.2,"Kg","Kg",238.77,0.0,"",0,0,46.2,"",46.2,1.0,"","","Main - TPL","Aluminium Coil 0.3*110MM","Stock Adjustment - TPL",0,"",0,0,"To Group","Aluminium Coil 0.3*110MM","","","","","","","",46.2,"","",0,0,"","","",0,"BOF Stores - TPL","","","WIP Warehouse - TPL",0.0,1,1.0,"","","","","","","","","","",""
"SE-260714-009","SE-.YY.MM.DD.-.###","Material Transfer for Manufacture","Teksons Pvt Ltd","","","Material Transfer for Manufacture",0,"WO/260714/0016","","","","","","","","2026-07-14","8:42:07.346975",0,0,0,1,0,"BOM-Tank End Plate 110×5*595MM-001",4.0,0.0,0.0,"","","","WIP Warehouse - TPL","","","",3.58,3.58,0.0,0.0,"","","","","","","","","No","",0.0,3.58,"","","",0,"6hjtc6692s",1.0,"Aluminium Plate 110*5*2250MM",3.576,"Kg","Kg",34.826,0.0,"",0,0,3.58,"",3.58,1.0,"","","Main - TPL","Aluminium Plate 110*5*2250MM","Stock Adjustment - TPL",0,"",0,0,"To Group","Aluminium Plate 110*5*2250MM","","","","","","","",3.576,"","",0,0,"","","",0,"BOF Stores - TPL","","","WIP Warehouse - TPL",0.0,1,1.0,"","","","","","","","","","",""
"SE-260714-008","SE-.YY.MM.DD.-.###","Material Transfer for Manufacture","Teksons Pvt Ltd","","","Material Transfer for Manufacture",0,"WO/260714/0009","","","","","","","","2026-07-14","8:40:28.978481",0,0,0,1,0,"BOM-Internal Fin For CAC 0.2*140*90-001",36.0,0.0,0.0,"","","","WIP Warehouse - TPL","","","",0.83,0.83,0.0,0.0,"","","","","","","","","No","",0.0,0.83,"","","",0,"5ihk3ldl94",1.0,"Aluminium Coil 0.2×140",0.828,"Kg","Kg",3.933,0.0,"",0,0,0.83,"",0.83,1.0,"","","Main - TPL","Aluminium Coil 0.2×140","Stock Adjustment - TPL",0,"",0,0,"To Group","Aluminium Coil 0.2×140","","","","","","","",0.828,"","",0,0,"","","",0,"BOF Stores - TPL","","","WIP Warehouse - TPL",0.0,1,1.0,"","","","","","","","","","",""
"SE-260714-007","SE-.YY.MM.DD.-.###","Material Transfer for Manufacture","Teksons Pvt Ltd","","","Material Transfer for Manufacture",0,"WO/260714/0011","","","","","","","","2026-07-14","8:39:46.620403",0,0,0,1,0,"BOM-Spacer Bar 9.5×15×110-001",496.0,0.0,0.0,"","","","WIP Warehouse - TPL","","","",21.33,21.33,0.0,0.0,"","","","","","","","","No","",0.0,21.33,"","","",0,"55ic40o81l",1.0,"Aluminium Spacer Bar ( ALU STD 0061 ) ( 9.5*15 )",21.328,"Kg","Kg",52.125,0.0,"",0,0,21.33,"",21.33,1.0,"","","Main - TPL","Aluminium Spacer Bar ( ALU STD 0061 ) ( 9.5*15 )","Stock Adjustment - TPL",0,"",0,0,"To Group","Aluminium Spacer Bar ( ALU STD 0061 ) ( 9.5*15 )","","","","","","","",21.328,"","",0,0,"","","",0,"BOF Stores - TPL","","","WIP Warehouse - TPL",0.0,1,1.0,"","","","","","","","","","",""
"SE-260714-006","SE-.YY.MM.DD.-.###","Material Transfer for Manufacture","Teksons Pvt Ltd","","","Material Transfer for Manufacture",0,"WO/260714/0004","","","","","","","","2026-07-14","8:38:54.957734",0,0,0,1,0,"BOM-R215 CAC Core End Plate 2.5X110X941-001",4.0,0.0,0.0,"","","","WIP Warehouse - TPL","","","",2.82,2.82,0.0,0.0,"","","","","","","","","No","",0.0,2.82,"","","",0,"4lagb460cg",1.0,"Aluminium Sheet 2.5MM Thk Without Cladded",2.824,"Kg","Kg",44.373,0.0,"",0,0,2.82,"",2.82,1.0,"","","Main - TPL","Aluminium Sheet 2.5MM Thk Without Cladded","Stock Adjustment - TPL",0,"",0,0,"To Group","Aluminium Sheet 2.5MM Thk Without Cladded","","","","","","","",2.824,"","",0,0,"","","",0,"BOF Stores - TPL","","","WIP Warehouse - TPL",0.0,1,1.0,"","","","","","","","","","",""
"SE-260714-005","SE-.YY.MM.DD.-.###","Material Transfer for Manufacture","Teksons Pvt Ltd","","","Material Transfer for Manufacture",0,"WO/260714/0005","","","","","","","","2026-07-14","8:38:34.095738",0,0,0,1,0,"BOM-R215 CAC Core End Plate 5X140X941-001",4.0,0.0,0.0,"","","","WIP Warehouse - TPL","","","",4.0,4.0,0.0,0.0,"","","","","","","","","No","",0.0,4.0,"","","",0,"4ekpogf8u3",1.0,"R215 CAC Core End Plate 5X165X941",4.0,"Nos","Nos",99.0,0.0,"",0,0,4.0,"",4.0,1.0,"","","Main - TPL","R215 CAC Core End Plate 5X165X941","Stock Adjustment - TPL",0,"",0,0,"Child Component","R215 CAC Core End Plate 5X165X941","","","","","","","",4.0,"","",0,0,"","","",0,"BOF Stores - TPL","","","WIP Warehouse - TPL",0.0,1,1.0,"","","","","","","","","","",""
"SE-260714-004","SE-.YY.MM.DD.-.###","Material Transfer for Manufacture","Teksons Pvt Ltd","","","Material Transfer for Manufacture",0,"WO/260714/0010","","","","","","","","2026-07-14","8:38:02.305521",0,0,0,1,0,"BOM-Internal Fin For CAC 0.2*200*90-001",144.0,0.0,0.0,"","","","WIP Warehouse - TPL","","","",4.75,4.75,0.0,0.0,"","","","","","","","","No","",0.0,4.75,"","","",0,"44thnpqs94",1.0,"Aluminium Coil 0.2×200MM",4.752,"Kg","Kg",22.572,0.0,"",0,0,4.75,"",4.75,1.0,"","","Main - TPL","Aluminium Coil 0.2×200MM","Stock Adjustment - TPL",0,"",0,0,"To Group","Aluminium Coil 0.2×200MM","","","","","","","",4.752,"","",0,0,"","","",0,"BOF Stores - TPL","","","WIP Warehouse - TPL",0.0,1,1.0,"","","","","","","","","","",""
"SE-260714-003","SE-.YY.MM.DD.-.###","Material Transfer for Manufacture","Teksons Pvt Ltd","","","Material Transfer for Manufacture",0,"WO/260714/0008","","","","","","","","2026-07-14","8:37:34.818696",0,0,0,1,0,"BOM-R215 External Fin For CAC 0.3*110*911-001",16.0,0.0,0.0,"","","","WIP Warehouse - TPL","","","",5.15,5.15,0.0,0.0,"","","","","","","","","No","",0.0,5.15,"","","",0,"3sd2137cn4",1.0,"Aluminium Coil 0.3*110MM",5.152,"Kg","Kg",243.922,0.0,"",0,0,5.15,"",5.15,1.0,"","","Main - TPL","Aluminium Coil 0.3*110MM","Stock Adjustment - TPL",0,"",0,0,"To Group","Aluminium Coil 0.3*110MM","","","","","","","",5.152,"","",0,0,"","","",0,"BOF Stores - TPL","","","WIP Warehouse - TPL",0.0,1,1.0,"","","","","","","","","","",""
"SE-260714-002","SE-.YY.MM.DD.-.###","Material Transfer for Manufacture","Teksons Pvt Ltd","","","Material Transfer for Manufacture",0,"WO/260714/0007","","","","","","","","2026-07-14","8:37:11.346044",0,0,0,1,0,"BOM-R215 External Fin For CAC 0.2*110*911-001",24.0,0.0,0.0,"","","","WIP Warehouse - TPL","","","",5.16,5.16,0.0,0.0,"","","","","","","","","No","",0.0,5.16,"","","",0,"3kt5358ae8",1.0,"Aluminium Coil 0.2*110",5.16,"Kg","Kg",107.901,0.0,"",0,0,5.16,"",5.16,1.0,"","","Main - TPL","Aluminium Coil 0.2*110","Stock Adjustment - TPL",0,"",0,0,"To Group","Aluminium Coil 0.2*110","","","","","","","",5.16,"","",0,0,"","","",0,"BOF Stores - TPL","","","WIP Warehouse - TPL",0.0,1,1.0,"","","","","","","","","","",""
"SE-260714-001","SE-.YY.MM.DD.-.###","Material Transfer for Manufacture","Teksons Pvt Ltd","","","Material Transfer for Manufacture",0,"WO/260714/0006","","","","","","","","2026-07-14","8:36:00.428759",0,0,0,1,0,"BOM-R215 CAC Core End Plate 5X165X941-001",4.0,0.0,0.0,"","","","WIP Warehouse - TPL","","","",8.48,8.48,0.0,0.0,"","","","","","","","","No","",0.0,8.48,"","","",0,"2udb3n1a0a",1.0,"Aluminium Sheet 5MM Thk",8.48,"Kg","Kg",83.98,0.0,"",0,0,8.48,"",8.48,1.0,"","","Main - TPL","Aluminium Sheet 5MM Thk","Stock Adjustment - TPL",0,"",0,0,"To Group","Aluminium Sheet 5MM Thk","","","","","","","",8.48,"","",0,0,"","","",0,"BOF Stores - TPL","","","WIP Warehouse - TPL",0.0,1,1.0,"","","","","","","","","","",""
